

22878	[7.05973756e+03 2.99844991e+03 2.69579602e-05            inf
 4.85567825e+03 2.52560505e+01]	[1.50002004e+02 5.57322565e+01 0.00000000e+00            nan
 4.86616236e+03 4.05709266e-01]	[ 621.86239478  264.03663851    0.                   nan 5007.04942797
   23.86122424]	[0. 0. 0. 0. 0. 0.]	[0. 0. 0. 0. 0. 0.]

22878	[3.93924529e-03 1.67309756e-03 6.80813715e-05            inf
 1.20046336e+01 4.88534553e-03]	[6.80060132 2.52671863 0.                nan 0.02505577 0.01839353]	[2.87968470e+01 1.22268572e+01 0.00000000e+00            nan
 1.66217625e-02 1.10495224e+00]	[0. 0. 0. 0. 0. 0.]	[0. 0. 0. 0. 0. 0.]

22878	[5.35206417e-03 2.27315763e-03 9.50092881e-05            inf
 1.54249290e+01 4.21588648e-03]	[4.87084597 1.80973074 0.                nan 0.02083235 0.01317414]	[2.67540819e+01 1.13595193e+01 0.00000000e+00            nan
 1.73960266e-02 1.02657014e+00]	[0. 0. 0. 0. 0. 0.]	[0. 0. 0. 0. 0. 0.]



22878	[7.05973756e+03 2.99844991e+03 2.69579602e-05            inf
 4.85567825e+03 2.52560505e+01]	[1.50002004e+02 5.57322565e+01 0.00000000e+00            nan
 4.86616236e+03 4.05709266e-01]	[ 621.86239478  264.03663851    0.                   nan 5007.04942797
   23.86122424]	[0. 0. 0. 0. 0. 0.]	[0. 0. 0. 0. 0. 0.]


22878	[7.05973756e+03 2.99844991e+03 2.69579602e-05 0.00000000e+00
 4.85567825e+03 2.52560505e+01]	[1.50002004e+02 5.57322565e+01 0.00000000e+00 0.00000000e+00
 4.86616236e+03 4.05709266e-01]	[ 621.86239478  264.03663851    0.            0.         5007.04942797
   23.86122424]	[0. 0. 0. 0. 0. 0.]	[0. 0. 0. 0. 0. 0.]

22878	[7.05973756e+03 2.99844991e+03 2.69579602e-05 0.00000000e+00
 4.85567825e+03 2.52560505e+01]	[1.50002004e+02 5.57322565e+01 0.00000000e+00 0.00000000e+00
 4.86616236e+03 4.05709266e-01]	[ 621.86239478  264.03663851    0.            0.         5007.04942797
   23.86122424]	[0. 0. 0. 0. 0. 0.]	[0. 0. 0. 0. 0. 0.]

22878	[7.05973756e+03 2.99844991e+03 2.69579602e-05 0.00000000e+00
 4.85567825e+03 2.52560505e+01]	[1.50002004e+02 5.57322565e+01 0.00000000e+00 0.00000000e+00
 4.86616236e+03 4.05709266e-01]	[ 621.86239478  264.03663851    0.            0.         5007.04942797
   23.86122424]	[0. 0. 0. 0. 0. 0.]	[0. 0. 0. 0. 0. 0.]


22878	[7.05973756e+03 2.99844991e+03 2.69579602e-05 0.00000000e+00
 4.85567825e+03 2.52560505e+01]	[1.50002004e+02 5.57322565e+01 0.00000000e+00 0.00000000e+00
 4.86616236e+03 4.05709266e-01]	[ 621.86239478  264.03663851    0.            0.         5007.04942797
   23.86122424]	[0. 0. 0. 0. 0. 0.]	[0. 0. 0. 0. 0. 0.]

22878	[7.05973756e+03 2.99844991e+03 2.69579602e-05 0.00000000e+00
 4.85567825e+03 2.52560505e+01]	[1.50002004e+02 5.57322565e+01 0.00000000e+00 0.00000000e+00
 4.86616236e+03 4.05709266e-01]	[ 621.86239478  264.03663851    0.            0.         5007.04942797
   23.86122424]	[0. 0. 0. 0. 0. 0.]	[0. 0. 0. 0. 0. 0.]

22878	[7.05973756e+03 2.99844991e+03 2.69579602e-05 0.00000000e+00
 4.85567825e+03 2.52560505e+01]	[1.50002004e+02 5.57322565e+01 0.00000000e+00 0.00000000e+00
 4.86616236e+03 4.05709266e-01]	[ 621.86239478  264.03663851    0.            0.         5007.04942797
   23.86122424]	[0. 0. 0. 0. 0. 0.]	[0. 0. 0. 0. 0. 0.]

22878	[7.05973756e+03 2.99844991e+03 2.69579602e-05 0.00000000e+00
 4.85567825e+03 2.52560505e+01]	[1.50002004e+02 5.57322565e+01 0.00000000e+00 0.00000000e+00
 4.86616236e+03 4.05709266e-01]	[ 621.86239478  264.03663851    0.            0.         5007.04942797
   23.86122424]	[0. 0. 0. 0. 0. 0.]	[0. 0. 0. 0. 0. 0.]

22878	[7.05973756e+03 2.99844991e+03 2.69579602e-05 3.66046215e+01
 4.85567825e+03 2.52560505e+01]	[1.50002004e+02 5.57322565e+01 0.00000000e+00 5.87110571e-01
 4.86616236e+03 4.05709266e-01]	[ 621.86239478  264.03663851    0.           35.62096258 5007.04942797
   23.86122424]	[0. 0. 0. 0. 0. 0.]	[0. 0. 0. 0. 0. 0.]

22878	[3.59395564e-03 1.52644427e-03 4.36361992e-05 1.02599933e-02
 1.02294681e+01 7.07907630e-03]	[8.18533896 3.04120877 0.         0.03203757 0.03731929 0.02213882]	[25.93139414 11.01021416  0.          1.48537928  0.03201352  0.9950031 ]	[0. 0. 0. 0. 0. 0.]	[0. 0. 0. 0. 0. 0.]

22878	[7.05973756e+03 2.99844991e+03 2.69579602e-05 3.66046215e+01
 4.85567825e+03 2.52560505e+01]	[1.50002004e+02 5.57322565e+01 0.00000000e+00 5.87110571e-01
 4.86616236e+03 4.05709266e-01]	[ 621.86239478  264.03663851    0.           35.62096258 5007.04942797
   23.86122424]	[0. 0. 0. 0. 0. 0.]	[0. 0. 0. 0. 0. 0.]

22878	[2.41618274e-03 1.02621420e-03 4.28729125e-05 8.03780112e-03
 9.39234415e+00 5.54583280e-03]	[7.10270445 2.63896305 0.         0.02780011 0.03706373 0.01921063]	[2.54458540e+01 1.08040586e+01 0.00000000e+00 1.45756703e+00
 9.64329919e-03 9.76372650e-01]	[0. 0. 0. 0. 0. 0.]	[0. 0. 0. 0. 0. 0.]

22878	[7.00000000e+00 2.97307785e+00 3.54022300e-05 3.66393266e-02
 1.20699095e+01 2.52799959e-02]	[19.          7.05932485  0.          0.07436635  0.02170336  0.05138915]	[3.10000000e+01 1.31622942e+01 0.00000000e+00 1.77571434e+00
 2.14793726e-02 1.18948829e+00]	[0. 0. 0. 0. 0. 0.]	[0. 0. 0. 0. 0. 0.]



22878	[7.00000000e+00 2.97307785e+00 2.86581975e-05 3.65161392e-02
 9.88252482e+00 2.51950004e-02]	[1.90000000e+01 7.05932485e+00 0.00000000e+00 7.43663456e-02
 1.36733371e-02 5.13891539e-02]	[3.10000000e+01 1.31622942e+01 0.00000000e+00 1.77571452e+00
 2.56519151e-02 1.18948841e+00]	[0. 0. 0. 0. 0. 0.]	[0. 0. 0. 0. 0. 0.]

22878	[7.00000000e+00 2.97307785e+00 3.90831064e-05 3.64150719e-02
 1.46980712e+01 2.51252671e-02]	[19.          7.05932485  0.          0.07436635  0.01949607  0.05138915]	[31.         13.1622942   0.          1.77571479  0.03446791  1.1894886 ]	[0. 0. 0. 0. 0. 0.]	[0. 0. 0. 0. 0. 0.]

22878	[7.         2.97241848 0.52658286 0.04285617 5.54840215 0.02960051]	[3.10000000e+01 1.31630304e+01 0.00000000e+00 4.57713553e-05
 2.28301605e-03 3.16506073e-05]	[4.30000000e+01 1.82561722e+01 0.00000000e+00 2.46377078e+00
 2.64022732e-02 1.65040255e+00]	[0. 0. 0. 0. 0. 0.]	[0. 0. 0. 0. 0. 0.]

22878	[7.         2.97269485 0.59959537 0.07018542 1.57847612 0.04849875]	[31.         13.16329471  0.          0.43276201  0.64746873  0.29926155]	[4.30000000e+01 1.82524411e+01 0.00000000e+00 2.16107841e+00
 1.41487399e-02 1.44766912e+00]	[0. 0. 0. 0. 0. 0.]	[0. 0. 0. 0. 0. 0.]

22878	[7.00000000e+00 2.97307782e+00 4.73952993e-05 3.67745370e-02
 1.11893315e+01 2.53747576e-02]	[19.          7.08078109  0.          0.0746146   0.02258005  0.05156071]	[3.10000000e+01 1.31591429e+01 0.00000000e+00 1.66058762e+00
 2.15583381e-02 1.11241546e+00]	[0. 0. 0. 0. 0. 0.]	[0. 0. 0. 0. 0. 0.]





22878	[7.00000000e+00 2.97307782e+00 7.55509926e-05 3.64561548e-02
 1.09759790e+01 2.51550710e-02]	[19.          7.08078109  0.          0.0746146   0.02317508  0.05156071]	[31.         13.15914293  0.          1.66058771  0.0438908   1.11241553]	[0. 0. 0. 0. 0. 0.]	[0. 0. 0. 0. 0. 0.]



22878	[ 7.05973338e+03  2.99844813e+03 -4.72339405e-05  3.66046175e+01
  4.85568067e+03  2.52560384e+01]	[1.50003965e+02 5.57343225e+01 0.00000000e+00 5.87112895e-01
 4.86616233e+03 4.05710874e-01]	[ 621.86251023  264.03668768    0.           35.6209706  5007.04942781
   23.86122961]	[0. 0. 0. 0. 0. 0.]	[0. 0. 0. 0. 0. 0.]



22878	[ 7.05973338e+03  2.99844813e+03 -4.72339405e-05  3.66046175e+01
  4.85568067e+03  2.52560384e+01]	[1.50003965e+02 5.57343225e+01 0.00000000e+00 5.87112895e-01
 4.86616233e+03 4.05710874e-01]	[ 621.86251023  264.03668768    0.           35.6209706  5007.04942781
   23.86122961]	[0. 0. 0. 0. 0. 0.]	[0. 0. 0. 0. 0. 0.]

22878	[ 7.05973338e+03  2.99844813e+03 -4.72339405e-05  3.66046175e+01
  4.85568067e+03  2.52560384e+01]	[1.50003965e+02 5.57343225e+01 0.00000000e+00 5.87112895e-01
 4.86616233e+03 4.05710874e-01]	[ 621.86251023  264.03668768    0.           35.6209706  5007.04942781
   23.86122961]	[0. 0. 0. 0. 0. 0.]	[0. 0. 0. 0. 0. 0.]

22878	[ 7.05973338e+03  2.99844813e+03 -4.72339405e-05  3.66046175e+01
  4.85568067e+03  2.52560384e+01]	[1.50003965e+02 5.57343225e+01 0.00000000e+00 5.87112895e-01
 4.86616233e+03 4.05710874e-01]	[ 621.86251023  264.03668768    0.           35.6209706  5007.04942781
   23.86122961]	[0. 0. 0. 0. 0. 0.]	[0. 0. 0. 0. 0. 0.]

22878	[ 7.05973338e+03  2.99844813e+03 -4.72339405e-05  3.66046175e+01
  4.85568067e+03  2.52560384e+01]	[1.50003965e+02 5.57343225e+01 0.00000000e+00 5.87112895e-01
 4.86616233e+03 4.05710874e-01]	[ 621.86251023  264.03668768    0.           35.6209706  5007.04942781
   23.86122961]	[0. 0. 0. 0. 0. 0.]	[0. 0. 0. 0. 0. 0.]


22878	[ 7.05973338e+03  2.99844813e+03 -4.72339405e-05  3.66046175e+01
  4.85568067e+03  2.52560384e+01]	[1.50003965e+02 5.57343225e+01 0.00000000e+00 5.87112895e-01
 4.86616233e+03 4.05710874e-01]	[ 621.86251023  264.03668768    0.           35.6209706  5007.04942781
   23.86122961]	[0. 0. 0. 0. 0. 0.]	[0. 0. 0. 0. 0. 0.]

22878	7059.733382238221	2998.448131156418	-4.723394054936994e-05	36.604617540603066	4855.680670105754	25.256038406389337	150.0039649890195	55.734322473238784	0.0	0.5871128950162897	4866.162325625861	0.4057108742496501	621.8625102254756	264.0366876839443	0.0	35.62097060210265	5007.049427806549	23.86122960967546	0.0	0.0	0.0	0.0	0.0	0.0	0.0	0.0	0.0	0.0	0.0	0.0

22878	7.0	2.9730778460985623	4.1239941335957285e-05	0.03671526895688814	8.278664431113553	0.02533238441427529	19.0	7.059494241162584	0.0	0.07436566764501376	0.019686498796222075	0.05138868570342054	31.0	13.162294210716285	0.0	1.7757145891426045	0.014467171853894432	1.189488461897249	0.0	0.0	0.0	0.0	0.0	0.0	0.0	0.0	0.0	0.0	0.0	0.0

22878	0.0015898044090805342	2.9730778460985623	2.8214931143861537e-05	0.005868078415398617	7.916144272099812	0.004048790119624074	6.0619628358463045	7.059494241162584	0.0	0.023726416516551205	0.028358142633668103	0.016395594900831204	16.31084221082666	13.162294210716285	0.0	0.9343033468742798	0.014691203668490924	0.6258568003068251	0.0	0.0	0.0	0.0	0.0	0.0	0.0	0.0	0.0	0.0	0.0	0.0

22878	7059.733382238221	2998.448131156418	-4.723394054936994e-05	36.604617540603066	4855.680670105754	25.256038406389337	150.0039649890195	55.734322473238784	0.0	0.5871128950162897	4866.162325625861	0.4057108742496501	621.8625102254756	264.0366876839443	0.0	35.62097060210265	5007.049427806549	23.86122960967546	0.0	0.0	0.0	0.0	0.0	0.0	0.0	0.0	0.0	0.0	0.0	0.0

22878	7059.733382238221	2998.448131156418	-4.723394054936994e-05	36.604617540603066	4855.680670105754	25.256038406389337	150.0039649890195	55.734322473238784	0.0	0.5871128950162897	4866.162325625861	0.4057108742496501	621.8625102254756	264.0366876839443	0.0	35.62097060210265	5007.049427806549	23.86122960967546	0.0	0.0	0.0	0.0	0.0	0.0	0.0	0.0	0.0	0.0	0.0	0.0


22878	7059.733382238221	2998.448131156418	-4.723394054936994e-05	36.604617540603066	4855.680670105754	25.256038406389337	150.0039649890195	55.734322473238784	0.0	0.5871128950162897	4866.162325625861	0.4057108742496501	621.8625102254756	264.0366876839443	0.0	35.62097060210265	5007.049427806549	23.86122960967546	0.0	0.0	0.0	0.0	0.0	0.0	0.0	0.0	0.0	0.0	0.0	0.0

22878	7059.733382238221	2998.448131156418	-4.723394054936994e-05	36.604617540603066	4855.680670105754	25.256038406389337	150.0039649890195	55.734322473238784	0.0	0.5871128950162897	4866.162325625861	0.4057108742496501	621.8625102254756	264.0366876839443	0.0	35.62097060210265	5007.049427806549	23.86122960967546	0.0	0.0	0.0	0.0	0.0	0.0	0.0	0.0	0.0	0.0	0.0	0.0

22878	7059.733382238221	2998.448131156418	-4.723394054936994e-05	36.604617540603066	4855.680670105754	25.256038406389337	150.0039649890195	55.734322473238784	0.0	0.5871128950162897	4866.162325625861	0.4057108742496501	621.8625102254756	264.0366876839443	0.0	35.62097060210265	5007.049427806549	23.86122960967546	0.0	0.0	0.0	0.0	0.0	0.0	0.0	0.0	0.0	0.0	0.0	0.0

22878	7059.733382238221	2998.448131156418	-4.723394054936994e-05	36.604617540603066	4855.680670105754	25.256038406389337	150.0039649890195	55.734322473238784	0.0	0.5871128950162897	4866.162325625861	0.4057108742496501	621.8625102254756	264.0366876839443	0.0	35.62097060210265	5007.049427806549	23.86122960967546	0.0	0.0	0.0	0.0	0.0	0.0	0.0	0.0	0.0	0.0	0.0	0.0


22878	7059.733382238221	2998.448131156418	-4.723394054936994e-05	36.604617540603066	4855.680670105754	25.256038406389337	150.0039649890195	55.734322473238784	0.0	0.5871128950162897	4866.162325625861	0.4057108742496501	621.8625102254756	264.0366876839443	0.0	35.62097060210265	5007.049427806549	23.86122960967546	0.0	0.0	0.0	0.0	0.0	0.0	0.0	0.0	0.0	0.0	0.0	0.0

22878	7059.733382238221	2998.448131156418	-4.723394054936994e-05	36.604617540603066	4855.680670105754	25.256038406389337	150.0039649890195	55.734322473238784	0.0	0.5871128950162897	4866.162325625861	0.4057108742496501	621.8625102254756	264.0366876839443	0.0	35.62097060210265	5007.049427806549	23.86122960967546	0.0	0.0	0.0	0.0	0.0	0.0	0.0	0.0	0.0	0.0	0.0	0.0

22878	7059.733382238221	2998.448131156418	-4.723394054936994e-05	36.604617540603066	4855.680670105754	25.256038406389337	150.0039649890195	55.734322473238784	0.0	0.5871128950162897	4866.162325625861	0.4057108742496501	621.8625102254756	264.0366876839443	0.0	35.62097060210265	5007.049427806549	23.86122960967546	0.0	0.0	0.0	0.0	0.0	0.0	0.0	0.0	0.0	0.0	0.0	0.0


22878	7059.733382238221	2998.448131156418	-4.723394054936994e-05	36.604617540603066	4855.680670105754	25.256038406389337	150.0039649890195	55.734322473238784	0.0	0.5871128950162897	4866.162325625861	0.4057108742496501	621.8625102254756	264.0366876839443	0.0	35.62097060210265	5007.049427806549	23.86122960967546	0.0	0.0	0.0	0.0	0.0	0.0	0.0	0.0	0.0	0.0	0.0	0.0

22878	7059.733382238221	2998.448131156418	-4.723394054936994e-05	36.604617540603066	4855.680670105754	25.256038406389337	150.0039649890195	55.734322473238784	0.0	0.5871128950162897	4866.162325625861	0.4057108742496501	621.8625102254756	264.0366876839443	0.0	35.62097060210265	5007.049427806549	23.86122960967546	0.0	0.0	0.0	0.0	0.0	0.0	0.0	0.0	0.0	0.0	0.0	0.0

22878	7059.733382238221	2998.448131156418	-4.723394054936994e-05	36.604617540603066	4855.680670105754	25.256038406389337	150.0039649890195	55.734322473238784	0.0	0.5871128950162897	4866.162325625861	0.4057108742496501	621.8625102254756	264.0366876839443	0.0	35.62097060210265	5007.049427806549	23.86122960967546	0.0	0.0	0.0	0.0	0.0	0.0	0.0	0.0	0.0	0.0	0.0	0.0

22878	7059.733382238221	2998.448131156418	-4.723394054936994e-05	36.604617540603066	4855.680670105754	25.256038406389337	150.0039649890195	55.734322473238784	0.0	0.5871128950162897	4866.162325625861	0.4057108742496501	621.8625102254756	264.0366876839443	0.0	35.62097060210265	5007.049427806549	23.86122960967546	0.0	0.0	0.0	0.0	0.0	0.0	0.0	0.0	0.0	0.0	0.0	0.0

22878	7059.733382238221	2998.448131156418	-4.723394054936994e-05	36.604617540603066	4855.680670105754	25.256038406389337	150.0039649890195	55.734322473238784	0.0	0.5871128950162897	4866.162325625861	0.4057108742496501	621.8625102254756	264.0366876839443	0.0	35.62097060210265	5007.049427806549	23.86122960967546	0.0	0.0	0.0	0.0	0.0	0.0	0.0	0.0	0.0	0.0	0.0	0.0





22878	7059.733382238221	2998.448131156418	-4.723394054936994e-05	36.604617540603066	4855.680670105754	25.256038406389337	150.0039649890195	55.734322473238784	0.0	0.5871128950162897	4866.162325625861	0.4057108742496501	621.8625102254756	264.0366876839443	0.0	35.62097060210265	5007.049427806549	23.86122960967546	0.0	0.0	0.0	0.0	0.0	0.0	0.0	0.0	0.0	0.0	0.0	0.0

22878	7059.733382238221	2998.448131156418	-4.723394054936994e-05	36.604617540603066	4855.680670105754	25.256038406389337	150.0039649890195	55.734322473238784	0.0	0.5871128950162897	4866.162325625861	0.4057108742496501	621.8625102254756	264.0366876839443	0.0	35.62097060210265	5007.049427806549	23.86122960967546	0.0	0.0	0.0	0.0	0.0	0.0	0.0	0.0	0.0	0.0	0.0	0.0

22878	0.0	0.0	0.0	0.0	inf	0.0	0.0	0.0	0.0	0.0	inf	0.0	0.0	0.0	0.0	0.0	inf	0.0	0.0	0.0	0.0	0.0	0.0	0.0	0.0	0.0	0.0	0.0	0.0	0.0

22878	7060.086334511285	2998.448131222721	-4.723394054936994e-05	36.60125385123244	4855.107206663762	25.25591860179418	150.49973215816192	55.8960151678886	0.0	0.5857424574033498	4866.25542748447	0.4047581057316333	628.1119718163746	264.03668748162687	0.0	35.79165735192927	5007.78717644245	23.977008489717836	0.0	0.0	0.0	0.0	0.0	0.0	0.0	0.0	0.0	0.0	0.0	0.0

22878	7059.966622676358	2998.747990995603	-4.723394054936994e-05	inf	4855.214108412168	25.257173559776163	146.14123784068033	58.83938362428552	0.0	inf	4865.926852883669	0.42589447980804623	623.0305570462634	264.036892403902	0.0	inf	5006.722923080541	23.96209505152528	0.0	0.0	0.0	0.0	0.0	0.0	0.0	0.0	0.0	0.0	0.0	0.0

22878	7059.966622676358	2998.747990995603	-4.723394054936994e-05	inf	4855.214108412168	25.257173559776163	146.14123784068033	58.83938362428552	0.0	inf	4865.926852883669	0.42589447980804623	623.0305570462634	264.036892403902	0.0	inf	5006.722923080541	23.96209505152528	0.0	0.0	0.0	0.0	0.0	0.0	0.0	0.0	0.0	0.0	0.0	0.0

22878	7059.966622561302	2998.747991002705	-4.723394054936994e-05	36.616539422270456	4855.214108412168	25.257173559776163	146.13713049659168	58.83938386458909	0.0	0.6163710376793434	4865.926852883669	0.42589447980804623	623.0306430467995	264.0368923786124	0.0	35.768125179463674	5006.722923080541	23.96209505152528	0.0	0.0	0.0	0.0	0.0	0.0	0.0	0.0	0.0	0.0	0.0	0.0

22878	7059.966622561302	2998.747991002705	-4.723394054936994e-05	36.616539422270456	4855.214108412168	25.257173559776163	146.13713049659168	58.83938386458909	0.0	0.6163710376793434	4865.926852883669	0.42589447980804623	623.0306430467995	264.0368923786124	0.0	35.768125179463674	5006.722923080541	23.96209505152528	0.0	0.0	0.0	0.0	0.0	0.0	0.0	0.0	0.0	0.0	0.0	0.0

22878	7059.966622561302	2998.747991002705	-4.723394054936994e-05	36.616539422270456	4855.214108412168	25.257173559776163	146.13713049659168	58.83938386458909	0.0	0.6163710376793434	4865.926852883669	0.42589447980804623	623.0306430467995	264.0368923786124	0.0	35.768125179463674	5006.722923080541	23.96209505152528	0.0	0.0	0.0	0.0	0.0	0.0	0.0	0.0	0.0	0.0	0.0	0.0



22878	7059.966622561302	2998.747991002705	-4.723394054936994e-05	36.616539422270456	4855.214108412168	25.257173559776163	146.13713049659168	58.83938386458909	0.0	0.6163710376793434	4865.926852883669	0.42589447980804623	623.0306430467995	264.0368923786124	0.0	35.768125179463674	5006.722923080541	23.96209505152528	0.0	0.0	0.0	0.0	0.0	0.0	0.0	0.0	0.0	0.0	0.0	0.0

22878	7059.966622561302	2998.747991002705	-4.723394054936994e-05	36.616539422270456	4855.214108412168	25.257173559776163	146.13713049659168	58.83938386458909	0.0	0.6163710376793434	4865.926852883669	0.42589447980804623	623.0306430467995	264.0368923786124	0.0	35.768125179463674	5006.722923080541	23.96209505152528	0.0	0.0	0.0	0.0	0.0	0.0	0.0	0.0	0.0	0.0	0.0	0.0


22878	7059.966622561302	2998.747991002705	-4.723394054936994e-05	36.616539422270456	4855.214108412168	25.257173559776163	146.13713049659168	58.83938386458909	0.0	0.6163710376793434	4865.926852883669	0.42589447980804623	623.0306430467995	264.0368923786124	0.0	35.768125179463674	5006.722923080541	23.96209505152528	0.0	0.0	0.0	0.0	0.0	0.0	0.0	0.0	0.0	0.0	0.0	0.0


22878	-999.0	3.399002483410973e-263	0.005214289945607183	130.16976167759444	5497.978776702233	85.65937080481267	-999.0	129052143.41430797	8.490060881937467	nan	4002.785726894153	0.0	-999.0	nan	0.0008807303923977363	nan	4002.785726894153	0.0	0.0	0.0	0.0	0.0	0.0	0.0	0.0	0.0	0.0	0.0	0.0	0.0

22878	-999.0	3.399002483410973e-263	0.005214289945607183	130.16976167759444	5497.978776702233	85.65937080481267	-999.0	129052143.41430797	8.490060881937467	nan	4002.785726894153	0.0	-999.0	nan	0.0008807303923977363	nan	4002.785726894153	0.0	0.0	0.0	0.0	0.0	0.0	0.0	0.0	0.0	0.0	0.0	0.0	0.0

22878	-999.0	3.399002483410973e-263	0.005214289945607183	130.16976167759444	5497.978776702233	85.65937080481267	-999.0	129052143.41430797	8.490060881937467	nan	4002.785726894153	0.0	-999.0	nan	0.0008807303923977363	nan	4002.785726894153	0.0	0.0	0.0	0.0	0.0	0.0	0.0	0.0	0.0	0.0	0.0	0.0	0.0




22878	7059.966622561302	2998.747991002705	-4.723394054936994e-05	36.616539422270456	4855.214108412168	25.257173559776163	146.13713049659168	58.83938386458909	0.0	0.6163710376793434	4865.926852883669	0.42589447980804623	623.0306430467995	264.0368923786124	0.0	35.768125179463674	5006.722923080541	23.96209505152528	0.0	0.0	0.0	0.0	0.0	0.0	0.0	0.0	0.0	0.0	0.0	0.0

22878	7059.966622561302	2998.747991002705	-4.723394054936994e-05	36.616539422270456	4855.214108412168	25.257173559776163	146.13713049659168	58.83938386458909	0.0	0.6163710376793434	4865.926852883669	0.42589447980804623	623.0306430467995	264.0368923786124	0.0	35.768125179463674	5006.722923080541	23.96209505152528	0.0	0.0	0.0	0.0	0.0	0.0	0.0	0.0	0.0	0.0	0.0	0.0

22878	0.3132823149712969	2.973276937307032	5.9092561580318695e-05	0.00953692256920836	20.420633511576035	0.0065783307859545994	9.266868977334616	7.649994834497359	0.0	0.03908540991700008	0.0	0.027006882716875704	22.38968601672172	13.13762614260716	0.0	1.2853898779623292	0.0	0.8611196219947822	0.0	0.0	0.0	0.0	0.0	0.0	0.0	0.0	0.0	0.0	0.0	0.0


22878	7059.966622561302	2998.747991002705	-4.723394054936994e-05	36.616539422270456	4855.214108412168	25.257173559776163	146.13713049659168	58.83938386458909	0.0	0.6163710376793434	4865.926852883669	0.42589447980804623	623.0306430467995	264.0368923786124	0.0	35.768125179463674	5006.722923080541	23.96209505152528	0.0	0.0	0.0	0.0	0.0	0.0	0.0	0.0	0.0	0.0	0.0	0.0

22878	7059.966622561302	2998.747991002705	-4.723394054936994e-05	36.616539422270456	4855.214108412168	25.257173559776163	146.13713049659168	58.83938386458909	0.0	0.6163710376793434	4865.926852883669	0.42589447980804623	623.0306430467995	264.0368923786124	0.0	35.768125179463674	5006.722923080541	23.96209505152528	0.0	0.0	0.0	0.0	0.0	0.0	0.0	0.0	0.0	0.0	0.0	0.0



22878	0.45687715467385914	-185.950172670824	0.0	0.00024002706789087068	0.0	0.0001579519494134177	11.525910291951964	nan	0.0	nan	2.0340152055835732e-05	0.0	28.810771712288506	nan	0.0	nan	4.048503204547281e-05	0.0	0.0	0.0	0.0	0.0	0.0	0.0	0.0	0.0	0.0	0.0	0.0	0.0











22878	0.1624195805829402	2.973276937307032	3.855300631140648e-05	0.004245332268290842	18.151674232511432	0.0029283240746099805	2.711894146470589	7.649994834497359	0.0	0.011438112983644121	0.0	0.007903403763901463	4.664129789651764	13.13762614260716	0.0	0.26776727211010887	0.0	0.17938499135185235	0.0	0.0	0.0	0.0	0.0	0.0	0.0	0.0	0.0	0.0	0.0	0.0

22878	0.4423650462501393	2.973276937307032	2.2577634649925194e-05	0.01071773637018825	22.689592790639292	0.007392826628098242	13.74981920292244	7.649994834497359	0.0	0.05799340868890244	0.0	0.04007176054028808	20.168824043433432	13.13762614260716	0.0	1.1578904405062092	0.0	0.7757040844453422	0.0	0.0	0.0	0.0	0.0	0.0	0.0	0.0	0.0	0.0	0.0	0.0




22878	0.28053405706593326	2.973276937307032	6.834919476164982e-05	0.007022509701583734	18.151674232511432	0.004843951644710458	13.507936341978999	7.649994834497359	0.0	0.05697320534172374	0.0	0.03936682966702544	72.18854531882806	13.13762614260716	0.0	4.144338254928475	0.0	2.7764113073302994	0.0	0.0	0.0	0.0	0.0	0.0	0.0	0.0	0.0	0.0	0.0	0.0

22878	0.1652261820825166	2.973276937307032	7.896012029422676e-05	0.012793360122145636	9.075837116255716	0.008824540006126985	24.182779656262216	7.649994834497359	0.0	0.10199711015274626	0.0	0.07047703982649942	60.38283732812974	13.13762614260716	0.0	3.466573617586069	0.0	2.3223572974800457	0.0	0.0	0.0	0.0	0.0	0.0	0.0	0.0	0.0	0.0	0.0	0.0




22878	0.3639651954257151	2.973276937307032	8.063721444750033e-05	0.007879211131155115	9.075837116255716	0.005434882875159625	14.669470383518169	7.649994834497359	0.0	0.06187227473303764	0.0	0.042751944285345025	48.55185393289923	13.13762614260716	0.0	2.7873579122386367	0.0	1.8673311754688053	0.0	0.0	0.0	0.0	0.0	0.0	0.0	0.0	0.0	0.0	0.0	0.0

22878	181.67704836934243	2.973276937307032	0.32431689272711306	0.9422717670853781	9.075837116255716	0.6499555101943241	4.562761068694688	7.649994834497359	0.0	0.0192446215816515	0.0	0.013297474405155435	36.77049434842116	13.13762614260716	0.0	2.1109909271820646	0.0	1.4142134930540575	0.0	0.0	0.0	0.0	0.0	0.0	0.0	0.0	0.0	0.0	0.0	0.0


22878	0.31678648143634525	2.973276937307032	8.707598849562108e-05	0.010710370639760896	15.882714953446829	0.007387745931376664	9.558737676558895	7.649994834497359	0.0	0.04031644143099807	0.0	0.027857489728287936	61.70715592046461	13.13762614260716	0.0	3.542602564052903	0.0	2.3732912738281158	0.0	0.0	0.0	0.0	0.0	0.0	0.0	0.0	0.0	0.0	0.0	0.0

22878	0.22031854002275722	2.973276937307032	2.7508799724410156e-05	0.006599324693923134	4.537918558127858	0.004552049205129338	1.0173729420681132	7.649994834497359	0.0	0.0042910327724976745	0.0	0.002964978979808775	18.03567057902659	13.13762614260716	0.0	1.035426338645522	0.0	0.6936618629293455	0.0	0.0	0.0	0.0	0.0	0.0	0.0	0.0	0.0	0.0	0.0	0.0

22878	47.70853462861487	2.973276937307032	0.048342707603419105	0.2476729803210486	2.268959279064603	0.1708386305405774	1.294417937124624	7.649994834497359	0.0	0.005459541494852243	0.0	0.003772384558649849	6.340757767968838	13.13762614260716	0.0	0.36402238484073546	0.0	0.24386905779016882	0.0	0.0	0.0	0.0	0.0	0.0	0.0	0.0	0.0	0.0	0.0	0.0

22878	0.11082619953404536	2.973276937307032	1.9866755835612607e-05	0.0026328330074235173	4.53791855812651	0.0018160623934319333	2.0997033910689846	7.649994834497359	0.0	0.00885604058636318	0.0	0.0061192667534944655	29.466014187769744	13.13762614260716	0.0	1.6916413402172397	0.0	1.1332791524295074	0.0	0.0	0.0	0.0	0.0	0.0	0.0	0.0	0.0	0.0	0.0	0.0

22878	0.3699169579109146	2.973276937307032	9.651492749926387e-05	0.0076685512736240895	13.613755674383574	0.005289574971472179	16.432761171060825	7.649994834497359	0.0	0.06930940839220688	0.0	0.04789078757519246	27.677102849474476	13.13762614260716	0.0	1.5889401299950154	0.0	1.0644766600175046	0.0	0.0	0.0	0.0	0.0	0.0	0.0	0.0	0.0	0.0	0.0	0.0

22878	6.943162694129536	2.973276937307032	0.04912970598124174	0.038529066068484025	6.806877837192461	0.026576386631335113	6.901874263051053	7.649994834497359	0.0	0.029110434758723984	0.0	0.020114464682233584	14.960802254026719	13.13762614260716	0.0	0.8588983730357099	0.0	0.5754007052653326	0.0	0.0	0.0	0.0	0.0	0.0	0.0	0.0	0.0	0.0	0.0	0.0






22878	662.3210910087887	2.973276937307032	0.6716898717923738	3.4351309427199594	9.075837116255716	2.369467453499071	2.300273150727113	7.649994834497359	0.0	0.00970199527375789	0.0	0.006703796865236319	16.384309727948658	13.13762614260716	0.0	0.9406218539162836	0.0	0.6301496138809332	0.0	0.0	0.0	0.0	0.0	0.0	0.0	0.0	0.0	0.0	0.0	0.0

22878	103.5476882343469	2.973276937307032	0.2459684701716231	0.5370703034036785	15.882714953448177	0.37045766970043287	13.505316681176543	7.649994834497359	0.0	0.05696215624289878	0.0	0.039359195060743285	21.673499344006807	13.13762614260716	0.0	1.2442737891102322	0.0	0.83357477237581	0.0	0.0	0.0	0.0	0.0	0.0	0.0	0.0	0.0	0.0	0.0	0.0

22878	10.232324504600012	2.973276937307032	0.013214554739083452	0.056823986441226215	0.0	0.03919576537130405	5.889227329263901	7.649994834497359	0.0	0.024839335144974134	0.0	0.017163258936007942	10.319335701145253	13.13762614260716	0.0	0.5924321761858703	0.0	0.3968873416238882	0.0	0.0	0.0	0.0	0.0	0.0	0.0	0.0	0.0	0.0	0.0	0.0


22878	0.1446355822970414	2.973276937307032	3.8605906569973544e-05	0.01909693578841695	4.537918558129206	0.013172588925063415	6.803313014182835	7.649994834497359	0.0	0.028694727269117575	0.0	0.01982722288433078	58.67045427774732	13.13762614260716	0.0	3.368265734892932	0.0	2.2564980214462085	0.0	0.0	0.0	0.0	0.0	0.0	0.0	0.0	0.0	0.0	0.0	0.0








22878	0.03202827415064184	2.973276937307032	2.0256227122188035e-05	0.0042744648333770925	2.268959279063255	0.0029484189897558233	6.273727600182847	7.649994834497359	0.0	0.026461064205098417	0.0	0.01828382660098402	15.046012388324963	13.13762614260716	0.0	0.8637903087221565	0.0	0.5786779535783608	0.0	0.0	0.0	0.0	0.0	0.0	0.0	0.0	0.0	0.0	0.0	0.0

22878	149.6232840616598	2.973276937307032	0.1369171164516842	0.7760366497054907	4.537918558129206	0.5352906817414217	10.984936145702994	7.649994834497359	0.0	0.0463318013079304	0.0	0.03201392864094346	42.68899608349037	13.13762614260716	0.0	2.4507717176984447	0.0	1.6418424100907985	0.0	0.0	0.0	0.0	0.0	0.0	0.0	0.0	0.0	0.0	0.0	0.0

22878	0.24597512337247462	2.97288247114235	8.034789382295385e-05	0.008789581609250842	6.806877837192461	0.006071405840497179	2.5351066303424226	8.068278847532342	0.0	0.11625733466637035	0.0	0.08039318535442365	41.01278105294503	13.159681173416622	0.0	1.515808788792788	0.0	1.015483872714819	0.0	0.0	0.0	0.0	0.0	0.0	0.0	0.0	0.0	0.0	0.0	0.0


22878	41.950984891151734	2.973276937307032	0.15034744717473938	0.21761161845240182	9.075837116255716	0.15010305459213436	10.259067811628777	7.649994834497359	0.0	0.04327026439951662	0.0	0.02989849558307102	20.318253859534238	13.13762614260716	0.0	1.1664692396998972	0.0	0.7814512685841725	0.0	0.0	0.0	0.0	0.0	0.0	0.0	0.0	0.0	0.0	0.0	0.0

22878	9.684773668949758	2.973277915371149	0.06004066910093066	0.050437257206588496	4.53791855812651	0.0347903591995665	6.6037293651790385	7.649352452301282	0.0	0.027853382408150985	0.0	0.019245878028722966	25.37763063977206	13.137626261784098	0.0	1.4569279624040468	0.0	0.976037914852609	0.0	0.0	0.0	0.0	0.0	0.0	0.0	0.0	0.0	0.0	0.0	0.0


22878	0.19386125055473402	2.9736023470158495	2.100228127622778e-05	0.10145481830790472	4.537918558129206	0.04079694711154983	0.0006510152464823022	7.988760741260063	0.0	1.550128365730889e-09	0.0	6.219093985028669e-10	55.502217258514214	13.136113709897229	0.0	5.493091438901368	0.0	2.176346736187697	423.8252265008836	25.9177123210917	0.4569867679532541	14.516171723119673	0.0	6.073783897177786	10.241575913363562	41.09625651648777	0.0	0.11425277646938199	0.0	0.048011186930060686

22878	0.12478127403039688	2.9736023470158495	5.062018144473814e-05	0.05936903017201873	13.613755674384922	0.023873436711907663	0.0025719476974769805	7.988760741260063	0.0	6.111787083805921e-09	0.0	2.452040691014103e-09	62.89562300740521	13.136113709897229	0.0	6.224821503117744	0.0	2.4662560440411685	223.83897838052596	25.9177123210917	0.13941249396397015	7.666588067591132	2.268959279064603	3.2078153964703198	6.1577760014039375	41.09625651648777	0.0	0.06869479947424872	0.0	0.028866859612510475

22878	0.20608600149963477	2.9736023470158495	1.2834042154706518e-05	0.030482556907765686	2.268959279064603	0.012257626426541357	0.00234507440289353	7.988760741260063	0.0	5.417730322157877e-09	0.0	2.1735860593166412e-09	56.72623393581171	13.136113709897229	0.0	5.614232745989376	0.0	2.224342567174852	339.9090733308354	25.9177123210917	0.1479841729071348	11.64201316303273	2.268959279064603	4.8711928619402896	9.15719878905316	41.09625651648777	0.0	0.10215570284625472	0.0	0.04292776680694172

22878	0.2881214136787701	2.9736023470158495	6.66924515520105e-05	0.05187441853504698	18.151674232511432	0.02085970823972016	0.008290862943113939	7.988760741260063	0.0	1.912611335578902e-08	0.0	7.673370745130527e-09	168.32174459871678	13.136113709897229	0.0	16.658914454427187	0.0	6.600213104876671	168.47856141299638	25.9177123210917	0.04393755079335025	5.770448394040834	2.268959279064603	2.4144421272861853	9.216678997500233	41.09625651648777	0.0	0.10281925108964239	0.0	0.0432066023830639

22878	0.9599976045090203	2.9736023470158495	0.010514004320191546	0.05357964222895361	2.268959279063255	0.021545411708652894	14.920246048473015	7.988760741260063	0.0	3.439749417131839e-05	0.0	1.3800228021763895e-05	54.303375456094685	13.136113709897229	0.0	5.374440831827909	0.0	2.129337713249849	79.54785411648676	25.9177123210917	0.048670646170797284	2.724542045509149	0.0	1.1399892422628977	3.3949163387129344	41.09625651648777	0.0	0.03787294267171081	0.0	0.015914929915863036

22878	8.319794466785888	2.9736023470158495	0.0569362715457628	0.12230554156521019	2.268959279064603	0.049181426707030775	10.73210235570034	7.988760741260063	0.0	2.474204692801718e-05	0.0	9.926475679630387e-06	130.68073185267494	13.136113709897229	0.0	12.933557533417131	0.0	5.124237606133464	250.69254802082352	25.9177123210917	0.03459088605558418	8.586319028645754	0.0	3.5926446205619778	3.027458392383579	41.09625651648777	0.0	0.03377366231065776	0.0	0.014192334441380305

22878	0.06854067346268639	2.9736023470158495	3.054196614785124e-05	0.034872584321926484	4.537918558127858	0.014022941462543128	0.001163817281632842	7.988760741260063	0.0	2.710756874972812e-09	0.0	1.0875519827075563e-09	174.41241866307317	13.136113709897229	0.0	17.26170983245157	0.0	6.83903886777254	356.9651673333216	25.9177123210917	0.044812092737371974	12.226184856951324	0.0	5.115619057454274	6.318858801270554	41.09625651648777	0.0	0.07049180404935838	0.0	0.02962199506948456

22878	0.5136804541768906	2.9736023470158495	9.454121473185468e-06	0.08138406865598706	4.537918558127858	0.03272611000696409	0.001392297179680608	7.988760741260063	0.0	3.2887867122179944e-09	0.0	1.319456769656194e-09	125.60437987178848	13.136113709897229	0.0	12.431148080845016	0.0	4.925184452823157	371.2343945518641	25.9177123210917	0.13702837782889843	12.71491956109273	0.0	5.320112985510952	6.9109208409568375	41.09625651648777	0.0	0.0770967183307183	0.0	0.03239750551236975

22878	0.4722123534775728	2.9736023470158495	2.5046570448572755e-05	0.019677205284363408	4.537918558129206	0.00791258529341564	0.003434296153573871	7.988760741260063	0.0	8.085388127097602e-09	0.0	3.243846753565211e-09	51.09925733594034	13.136113709897229	0.0	5.05732714148029	0.0	2.003698198112539	72.72174728073131	25.9177123210917	0.06575384738462196	2.4907487703574867	2.268959279064603	1.0421666305599102	5.975085727566612	41.09625651648777	0.0	0.06665674696236794	0.0	0.028010431233744467

22878	0.08951435066644953	2.9736023470158495	2.7938263084523343e-05	0.03657424692192787	4.537918558127858	0.01470721294665607	0.00994978775137459	7.988760741260063	0.0	2.2943684223207785e-08	0.0	9.204975000871657e-09	123.98981703257398	13.136113709897229	0.0	12.271354810567843	0.0	4.861874827250633	684.946426010615	25.9177123210917	0.1965633251274005	23.45968531642823	2.268959279063255	9.81588407919148	14.025924997365346	41.09625651648777	0.0	0.15647014549896343	0.0	0.0657517273248735


22878	0.32773811961590416	2.9734243370759934	4.6013673378305517e-05	0.03883811310276567	15.882714953446829	0.015617557377681187	0.0005312752496817126	7.970335827658989	0.0	1.2988434903444348e-09	0.0	5.210942472164938e-10	140.9130634595636	13.136215846210751	0.0	13.945078369530705	0.0	5.524999198170956	0.0	23.357815013086114	0.0	0.0	0.0	0.0	0.0	38.621544209289354	0.0	0.0	0.0	0.0

22878	2.5874752467421724	2.973335379075347	0.02306631109917993	0.04447054916606876	9.075837116255716	0.017890182325760434	5.149173903489554e-05	7.980474977789743	0.0	1.2598683139697432e-10	0.0	5.054574593016435e-11	12.218479730939565	13.134851103679866	0.0	1.206804367075203	0.0	0.4781323549251656	560.3728207569324	23.35974601043519	0.23095414783673723	19.075984925598846	0.0	7.980681936917017	0.768101033436656	38.554393732123046	0.0	0.008597375324126934	0.0	0.0036127804203092214




22878	0.01455193557648199	2.973335379075347	4.042766619971492e-05	0.03261117114590734	2.268959279063255	0.013119239779975827	0.0005877272550329195	7.980474977789743	0.0	1.3683560981076186e-09	0.0	5.489826111985206e-10	49.68044545715487	13.134851103679866	0.0	4.906877102036746	0.0	1.9440903332254846	698.4737771446554	23.35974601043519	0.011673369748837948	23.777216778730224	2.268959279064603	9.947502327993979	19.292186892779583	38.554393732123046	0.0	0.21593796027320433	0.0	0.09074123269775547





22878	4.66166493496778	2.756739799114324	0.18010069062488362	0.02900659315141519	0.0	0.011631856256932693	1367.3564176008304	26.801947439105806	0.0	18.963180716192223	0.0	7.824135705296926	12.70208618936861	104.92199992528988	0.0	1.3056490832400567	0.0	0.5173024435863829	279.42934914249463	280.18166453015556	0.4029944440866434	17.84530610987621	2.268959279064603	7.5029825624167525	1914.712124925047	346.3605186822752	0.0	42.49471632797375	2.268959279063255	17.843462878228944

22878	20.721972831390563	3.018311687271405	0.012397919624104652	0.0958397536919703	0.0	0.03882030535516884	0.0	8.070463686701048	0.0	0.0066657766580553255	0.0	0.002677487402546922	10.635699922180962	13.134170548131365	0.0	1.049438151297698	0.0	0.41578432123540066	399.92660330832877	25.91771525609909	0.7510626712467072	13.697645705628068	0.0	5.731300338889241	5.459055239381721	41.09625644806381	0.0	0.06090001923012335	0.0	0.025591344890295065

22878	100.05637326130099	2.9733711210791904	0.14696678361019103	1.3358031527871517	6.806877837191113	0.5371523155293346	4.454003532010814	8.00602913801354	0.0	9.947809502167102e-06	0.0	3.991047683974761e-06	32.248175137262706	13.136102895247385	0.0	3.1923554340579208	0.0	1.2648018710303075	0.43943490614196323	25.91771525609909	0.0001562589564977921	0.01755238409239271	4.537918558127858	0.007344180675932574	23.549718901742086	41.09625644806381	0.0	0.2627154823139772	0.0	0.11039803600902057
