# log(lambda)       Flambda(Arbitrary units)   
3.3421544898E+00	0.0000000E+00
3.3423338388E+00	0.0000000E+00
3.3424305770E+00	3.2389110E-02
3.3425253201E+00	5.5110964E-02
3.3426220157E+00	1.4381828E-01
3.3427167171E+00	2.1271954E-02
3.3428113781E+00	6.8279009E-02
3.3429080100E+00	4.8319065E-02
3.3430026490E+00	1.1240643E-03
3.3430972674E+00	0.0000000E+00
3.3431938358E+00	0.0000000E+00
3.3432884519E+00	0.0000000E+00
3.3433849778E+00	3.2231947E-02
3.3434795129E+00	0.0000000E+00
3.3435740275E+00	3.6353296E-02
3.3436704702E+00	1.3011651E-01
3.3443352614E+00	1.5844870E-01
3.3444315549E+00	2.4526969E-01
3.3445258626E+00	2.2479612E-01
3.3446201497E+00	1.1395109E-01
3.3447164194E+00	1.0439095E-01
3.3448106652E+00	1.4433632E-01
3.3449068533E+00	0.0000000E+00
3.3450010578E+00	9.8631507E-02
3.3450952222E+00	1.1837633E-01
3.3451913474E+00	6.4110879E-02
3.3452854902E+00	2.7091240E-02
3.3453796126E+00	2.2333205E-01
3.3454756749E+00	1.4968511E-01
3.3455697561E+00	1.5884867E-01
3.3456657763E+00	3.0447319E-01
3.3457597967E+00	2.9575117E-01
3.3458538164E+00	2.5811809E-01
3.3459497738E+00	2.3423973E-01
3.3460437524E+00	4.0712672E-01
3.3461377497E+00	4.3358863E-01
3.3462336445E+00	3.1095983E-01
3.3463275616E+00	2.5104391E-01
3.3464214585E+00	3.1107442E-01
3.3465172906E+00	3.3038815E-01
3.3466111269E+00	2.2127475E-01
3.3467069171E+00	2.7187720E-01
3.3468007320E+00	2.3485040E-01
3.3468945266E+00	2.0798190E-01
3.3469902544E+00	1.9225741E-01
3.3470840081E+00	1.6306805E-01
3.3471777220E+00	1.5572301E-01
3.3472733874E+00	3.0947663E-02
3.3473670800E+00	2.2493294E-01
3.3474607524E+00	1.3469020E-01
3.3475563555E+00	1.7930834E-01
3.3476500261E+00	5.7835173E-02
3.3477455875E+00	2.0024122E-01
3.3478391783E+00	1.9398303E-02
3.3479327490E+00	0.0000000E+00
3.3480282287E+00	1.3632880E-02
3.3481217586E+00	2.4989013E-02
3.3482152684E+00	7.1360699E-02
3.3483107055E+00	0.0000000E+00
3.3484041746E+00	0.0000000E+00
3.3484976236E+00	0.0000000E+00
3.3485929988E+00	2.2394268E-02
3.3486863877E+00	3.5616732E-02
3.3487797760E+00	0.0000000E+00
3.3488750892E+00	4.3298055E-02
3.3489684369E+00	1.4078278E-01
3.3490618035E+00	9.9586962E-03
3.3491570548E+00	8.6493705E-03
3.3492503419E+00	4.3628606E-03
3.3499085932E+00	4.9018059E-02
3.3500017190E+00	7.5726219E-02
3.3500948056E+00	6.6564240E-02
3.3501898306E+00	5.9710925E-02
3.3502828962E+00	1.3830910E-01
3.3503759419E+00	1.3103895E-01
3.3504709442E+00	1.8386752E-01
3.3505639496E+00	1.7468723E-01
3.3506569350E+00	1.6655722E-01
3.3507518372E+00	1.2903425E-01
3.3515006039E+00	1.2949628E-01
3.3515933891E+00	6.3625843E-02
3.3516861545E+00	3.4421695E-02
3.3517808320E+00	1.1105271E-02
3.3518735959E+00	2.5475229E-01
3.3519663015E+00	3.3935275E-01
3.3520609179E+00	2.7152598E-01
3.3521535835E+00	3.6407738E-01
3.3522462100E+00	3.9616263E-01
3.3523407655E+00	3.9615886E-01
3.3524333714E+00	3.4607517E-01
3.3525259575E+00	3.8153287E-01
3.3526204521E+00	3.5139950E-01
3.3527129984E+00	3.5662097E-01
3.3528055249E+00	3.7236218E-01
3.3528999395E+00	2.8638567E-01
3.3529924262E+00	3.0778012E-01
3.3530848932E+00	2.9004656E-01
3.3531792663E+00	2.7430195E-01
3.3532717321E+00	2.9312030E-01
3.3533641397E+00	3.3828385E-01
3.3534584521E+00	3.6517101E-01
3.3535508200E+00	3.1113535E-01
3.3536431490E+00	2.4656352E-01
3.3537374009E+00	3.2276052E-01
3.3538297095E+00	3.3739786E-01
3.3539219984E+00	3.1983798E-01
3.3540161898E+00	3.1804290E-01
3.3541084391E+00	3.0111513E-01
3.3542006689E+00	3.5787264E-01
3.3542947807E+00	3.9457521E-01
3.3543869709E+00	3.5070751E-01
3.3544791415E+00	3.2907561E-01
3.3545732121E+00	3.5170066E-01
3.3546653816E+00	3.4127533E-01
3.3547574932E+00	3.5600598E-01
3.3548515036E+00	2.8634860E-01
3.3549435757E+00	3.2483858E-01
3.3550356091E+00	2.6379197E-01
3.3551295593E+00	2.9708974E-01
3.3552215725E+00	3.1246548E-01
3.3553135661E+00	3.4240501E-01
3.3554074563E+00	2.9373778E-01
3.3554994106E+00	2.7562221E-01
3.3555913454E+00	2.4584118E-01
3.3556832417E+00	1.9535812E-01
3.3557770519E+00	2.6789382E-01
3.3558689280E+00	2.6462337E-01
3.3559607847E+00	2.9233653E-01
3.3560545732E+00	3.4512842E-01
3.3561463907E+00	3.3211066E-01
3.3562381887E+00	3.0995873E-01
3.3563318791E+00	3.4886155E-01
3.3564236188E+00	2.9790636E-01
3.3565153583E+00	3.2936058E-01
3.3566089890E+00	3.7919344E-01
3.3567006892E+00	4.9487495E-01
3.3567923702E+00	4.7341484E-01
3.3568859412E+00	5.3021108E-01
3.3569775830E+00	5.2697011E-01
3.3570691864E+00	4.3678670E-01
3.3571626978E+00	5.0963913E-01
3.3572542813E+00	4.2768076E-01
3.3573458454E+00	4.6935275E-01
3.3574393354E+00	4.9672054E-01
3.3575308605E+00	4.1083638E-01
3.3576223664E+00	4.1229067E-01
3.3577138530E+00	4.4014788E-01
3.3578072066E+00	4.2067191E-01
3.3578986543E+00	4.0951465E-01
3.3579900827E+00	4.1843181E-01
3.3580833960E+00	3.6625901E-01
3.3581747856E+00	3.6093328E-01
3.3582661559E+00	3.6987685E-01
3.3583594099E+00	3.3658200E-01
3.3584507223E+00	3.6405888E-01
3.3585420346E+00	3.6654076E-01
3.3586352294E+00	3.7101294E-01
3.3587265029E+00	4.0559086E-01
3.3588177953E+00	3.6516028E-01
3.3589090304E+00	4.2285711E-01
3.3590021465E+00	3.7758876E-01
3.3590933429E+00	4.7270567E-01
3.3591845012E+00	4.1106714E-01
3.3592775583E+00	3.8544004E-01
3.3593686969E+00	3.8646451E-01
3.3594598164E+00	3.7770099E-01
3.3595528145E+00	4.0238456E-01
3.3596438954E+00	3.8796678E-01
3.3597349382E+00	3.1095381E-01
3.3598278774E+00	3.2115411E-01
3.3599189006E+00	3.9028971E-01
3.3600099047E+00	3.7039171E-01
3.3601027851E+00	4.2590539E-01
3.3601937886E+00	4.3192716E-01
3.3602847352E+00	4.3213108E-01
3.3603756627E+00	4.7108875E-01
3.3604684649E+00	4.4386524E-01
3.3605593351E+00	4.9401931E-01
3.3606502051E+00	5.2928614E-01
3.3607429487E+00	4.8015554E-01
3.3608337803E+00	5.1042586E-01
3.3609245930E+00	4.8239039E-01
3.3610172780E+00	5.0133121E-01
3.3611080334E+00	5.4545722E-01
3.3611987887E+00	6.1566445E-01
3.3612895251E+00	4.9349587E-01
3.3613821322E+00	5.3972196E-01
3.3614728681E+00	5.4545908E-01
3.3615635472E+00	5.1558779E-01
3.3616560960E+00	5.6535927E-01
3.3617467369E+00	4.9204479E-01
3.3618373400E+00	5.3866856E-01
3.3619279430E+00	5.5725373E-01
3.3620204142E+00	4.5593855E-01
3.3621109790E+00	5.5306155E-01
3.3622015251E+00	5.6526284E-01
3.3622939380E+00	5.6658873E-01
3.3623844458E+00	4.7855760E-01
3.3624749160E+00	5.2024054E-01
3.3625672708E+00	4.7672529E-01
3.3626577217E+00	4.4674330E-01
3.3627481538E+00	4.8347512E-01
3.3628386047E+00	5.3849515E-01
3.3629308822E+00	5.2941690E-01
3.3630212574E+00	5.4767432E-01
3.3631116139E+00	5.3203045E-01
3.3632038145E+00	5.0348512E-01
3.3632941330E+00	5.1103490E-01
3.3633844327E+00	5.3289685E-01
3.3634747136E+00	4.9383050E-01
3.3635668560E+00	5.1834846E-01
3.3636570991E+00	4.6295915E-01
3.3637473045E+00	4.9604810E-01
3.3638393891E+00	5.3976923E-01
3.3639295755E+00	5.3598596E-01
3.3640197432E+00	5.7711465E-01
3.3641099297E+00	5.6760935E-01
3.3642019375E+00	6.4002026E-01
3.3642920486E+00	5.7700648E-01
3.3643821411E+00	5.6127715E-01
3.3644740912E+00	5.3140175E-01
3.3645641272E+00	4.9452543E-01
3.3646541632E+00	5.6848175E-01
3.3647441806E+00	5.4919175E-01
3.3648360541E+00	6.1810212E-01
3.3649260338E+00	5.8778570E-01
3.3650159948E+00	6.0108503E-01
3.3651077921E+00	7.7506379E-01
3.3651977155E+00	5.9055277E-01
3.3652876203E+00	5.2427870E-01
3.3653775065E+00	5.5128285E-01
3.3654692836E+00	5.3799933E-01
3.3655591322E+00	3.8863539E-01
3.3656489622E+00	5.2203456E-01
3.3657406446E+00	4.5893258E-01
3.3658304183E+00	5.5117403E-01
3.3659201923E+00	4.6010012E-01
3.3660099477E+00	5.1369206E-01
3.3661015538E+00	5.0766879E-01
3.3661912717E+00	6.0720140E-01
3.3662809711E+00	5.4149795E-01
3.3663725201E+00	5.6645231E-01
3.3664621634E+00	3.8841738E-01
3.3665518068E+00	4.4404256E-01
3.3666414318E+00	4.3233171E-01
3.3667329048E+00	5.8679412E-01
3.3668225298E+00	3.5137248E-01
3.3669120989E+00	5.6747216E-01
3.3670016495E+00	5.6974600E-01
3.3670930467E+00	5.4833798E-01
3.3671825414E+00	5.3919167E-01
3.3672720363E+00	4.8413360E-01
3.3673633767E+00	4.4594878E-01
3.3674528343E+00	4.3307599E-01
3.3675422735E+00	5.1295456E-01
3.3676316943E+00	5.3026334E-01
3.3677229404E+00	6.9238265E-01
3.3678123241E+00	6.0453706E-01
3.3679016893E+00	5.3295136E-01
3.3679910361E+00	5.8217805E-01
3.3680822626E+00	5.8226851E-01
3.3681715723E+00	5.4835503E-01
3.3682608637E+00	5.9852326E-01
3.3683519963E+00	5.3439660E-01
3.3684412320E+00	5.4977717E-01
3.3685304679E+00	5.4679161E-01
3.3686196855E+00	5.7772731E-01
3.3687107428E+00	5.6326406E-01
3.3687999234E+00	5.2307625E-01
3.3688890857E+00	5.2136989E-01
3.3689782110E+00	5.3523938E-01
3.3690691933E+00	5.4130180E-01
3.3691583003E+00	5.6364788E-01
3.3692473890E+00	4.6916957E-01
3.3693383149E+00	4.8633743E-01
3.3694274038E+00	5.5708183E-01
3.3695164373E+00	5.9123586E-01
3.3696054526E+00	5.4989324E-01
3.3696963036E+00	5.3606305E-01
3.3697852635E+00	5.8291439E-01
3.3698742237E+00	5.8586960E-01
3.3699631657E+00	5.2757265E-01
3.3700539419E+00	5.6312843E-01
3.3701428471E+00	5.4524517E-01
3.3702317341E+00	5.4247074E-01
3.3703205844E+00	5.4487034E-01
3.3704112859E+00	4.7988505E-01
3.3705001179E+00	5.0125204E-01
3.3705889319E+00	5.1446288E-01
3.3706796143E+00	4.7303463E-01
3.3707683915E+00	5.5579809E-01
3.3708571506E+00	5.7421896E-01
3.3709458916E+00	6.2421584E-01
3.3710364441E+00	5.5989504E-01
3.3711251484E+00	5.5051107E-01
3.3712138346E+00	5.3256509E-01
3.3713025027E+00	5.9798683E-01
3.3713929994E+00	5.6155765E-01
3.3714816309E+00	4.6538987E-01
3.3715702259E+00	5.4360412E-01
3.3716588213E+00	4.9377178E-01
3.3717492437E+00	4.6849386E-01
3.3718378026E+00	5.2883028E-01
3.3719263803E+00	4.6441422E-01
3.3720149030E+00	5.6729952E-01
3.3721052514E+00	4.8387739E-01
3.3721937377E+00	5.9711503E-01
3.3722821876E+00	5.4168346E-01
3.3723706378E+00	5.1717603E-01
3.3724609122E+00	5.1456971E-01
3.3725493261E+00	5.4526682E-01
3.3726377220E+00	5.7781378E-01
3.3727260999E+00	5.3223247E-01
3.3728163004E+00	4.4524382E-01
3.3729046236E+00	5.2549852E-01
3.3729929472E+00	5.2495161E-01
3.3730812528E+00	5.4005339E-01
3.3731713796E+00	4.2242220E-01
3.3732596858E+00	4.4648118E-01
3.3733479372E+00	4.5200806E-01
3.3734361707E+00	4.7034923E-01
3.3735262239E+00	5.1928945E-01
3.3736144028E+00	5.1457765E-01
3.3737025822E+00	5.7549401E-01
3.3737907437E+00	5.5572189E-01
3.3738807234E+00	5.4302480E-01
3.3739688488E+00	5.8062932E-01
3.3740569562E+00	5.2162223E-01
3.3741450274E+00	5.9289625E-01
3.3742349338E+00	5.4273007E-01
3.3743229873E+00	5.4121886E-01
3.3744110229E+00	5.2860603E-01
3.3744990774E+00	5.1806051E-01
3.3745889105E+00	4.9998032E-01
3.3746768923E+00	5.3953355E-01
3.3747648562E+00	5.4324201E-01
3.3748527840E+00	5.5768605E-01
3.3749425440E+00	5.1910878E-01
3.3750304542E+00	4.7892496E-01
3.3751183465E+00	5.1021782E-01
3.3752062211E+00	5.6316126E-01
3.3752959081E+00	5.4929644E-01
3.3753837284E+00	5.5438423E-01
3.3754715493E+00	5.6151717E-01
3.3755593525E+00	5.6194786E-01
3.3756489666E+00	4.9065313E-01
3.3757367704E+00	4.9648159E-01
3.3758245200E+00	4.7718769E-01
3.3759122518E+00	4.6271408E-01
3.3760017931E+00	4.8942329E-01
3.3760894708E+00	5.0692618E-01
3.3761771492E+00	5.5075469E-01
3.3762648098E+00	6.2228335E-01
3.3763524527E+00	5.8865034E-01
3.3764419033E+00	6.2618235E-01
3.3765295105E+00	6.1025758E-01
3.3766170818E+00	6.3493656E-01
3.3767046537E+00	6.1835319E-01
3.3767940318E+00	5.9193019E-01
3.3768815680E+00	5.8543481E-01
3.3769691230E+00	6.2280862E-01
3.3770566240E+00	5.5922580E-01
3.3771459297E+00	4.9324233E-01
3.3772333950E+00	5.5935091E-01
3.3773208245E+00	5.5858626E-01
3.3774082546E+00	5.4381259E-01
3.3774974880E+00	5.1394734E-01
3.3775848825E+00	5.9970377E-01
3.3776722595E+00	6.3228561E-01
3.3777596189E+00	5.2256315E-01
3.3778487802E+00	5.6661809E-01
3.3779360859E+00	5.1371486E-01
3.3780233922E+00	5.5183963E-01
3.3781106810E+00	5.2509710E-01
3.3781997702E+00	5.2350900E-01
3.3782870599E+00	5.7243750E-01
3.3783742958E+00	5.4948832E-01
3.3784615141E+00	6.1836767E-01
3.3785486967E+00	5.6836998E-01
3.3786376961E+00	5.8273339E-01
3.3787248616E+00	5.6543472E-01
3.3788120095E+00	6.1430611E-01
3.3788991399E+00	5.7061923E-01
3.3789880676E+00	5.9649386E-01
3.3790751627E+00	7.1370822E-01
3.3791622223E+00	5.2765296E-01
3.3792492825E+00	6.1744871E-01
3.3793363253E+00	5.3490278E-01
3.3794251635E+00	4.7428262E-01
3.3795122072E+00	4.8983425E-01
3.3795991973E+00	5.2160892E-01
3.3796861700E+00	4.6280477E-01
3.3797749367E+00	6.0408339E-01
3.3798618561E+00	5.2911177E-01
3.3799487762E+00	5.2648910E-01
3.3800356789E+00	4.9346239E-01
3.3801225642E+00	4.9649431E-01
3.3802112417E+00	5.2867606E-01
3.3802980919E+00	6.7329658E-01
3.3803849067E+00	6.3612614E-01
3.3804717222E+00	6.1273385E-01
3.3805603284E+00	7.0607707E-01
3.3806471089E+00	5.3224736E-01
3.3807339081E+00	5.7267462E-01
3.3808206539E+00	6.5155193E-01
3.3809091890E+00	5.9136574E-01
3.3809958997E+00	6.4672034E-01
3.3810825751E+00	7.5081380E-01
3.3811692513E+00	6.4638187E-01
3.3812559101E+00	5.6642771E-01
3.3813443566E+00	6.5848939E-01
3.3814309805E+00	5.7572882E-01
3.3815175871E+00	5.5564763E-01
3.3816041585E+00	5.4123650E-01
3.3816925340E+00	5.1434220E-01
3.3817790885E+00	5.6151197E-01
3.3818656258E+00	5.5832949E-01
3.3819521819E+00	5.1125863E-01
3.3820386847E+00	6.4692617E-01
3.3821269718E+00	5.7472740E-01
3.3822134398E+00	7.3066818E-01
3.3822998726E+00	5.6479252E-01
3.3823863062E+00	6.0277666E-01
3.3824745227E+00	6.0553137E-01
3.3825609215E+00	5.4831451E-01
3.3826473032E+00	4.7214823E-01
3.3827336676E+00	5.2708892E-01
3.3828199969E+00	4.7743475E-01
3.3829081254E+00	4.9350188E-01
3.3829944380E+00	3.0768838E-01
3.3830807335E+00	4.8841089E-01
3.3831670477E+00	5.8821007E-01
3.3832551058E+00	5.5960549E-01
3.3833413495E+00	5.7557144E-01
3.3834275761E+00	6.2226556E-01
3.3835137676E+00	5.8918098E-01
3.3835999599E+00	6.3428119E-01
3.3836879303E+00	4.8418255E-01
3.3837740881E+00	4.4556351E-01
3.3838602288E+00	4.8571568E-01
3.3839463524E+00	4.9598803E-01
3.3840324410E+00	3.4186063E-01
3.3841203238E+00	4.9097604E-01
3.3842063959E+00	4.7885060E-01
3.3842924509E+00	5.6258641E-01
3.3843785247E+00	6.6868949E-01
3.3844663375E+00	5.3511398E-01
3.3845523410E+00	5.7552150E-01
3.3846383275E+00	5.2737270E-01
3.3847242791E+00	5.2162331E-01
3.3848102315E+00	5.4194126E-01
3.3848979571E+00	5.8848479E-01
3.3849838752E+00	4.6840641E-01
3.3850697763E+00	4.7473246E-01
3.3851556604E+00	3.8603311E-01
3.3852415097E+00	3.1491508E-01
3.3853291482E+00	3.1100772E-01
3.3854149811E+00	4.4998517E-01
3.3855007969E+00	3.6067731E-01
3.3855866316E+00	3.9364211E-01
3.3856724136E+00	4.0040064E-01
3.3857599652E+00	3.6128742E-01
3.3858457129E+00	4.7334970E-01
3.3859314259E+00	5.8275361E-01
3.3860171398E+00	6.8856221E-01
3.3861046220E+00	5.5744985E-01
3.3861903017E+00	4.6196449E-01
3.3862759645E+00	5.6614392E-01
3.3863616105E+00	4.2617469E-01
3.3864472217E+00	3.0268951E-01
3.3865328338E+00	3.8123390E-01
3.3866202122E+00	4.1932300E-01
3.3867057903E+00	3.6756110E-01
3.3867913872E+00	3.3780790E-01
3.3868769315E+00	2.6125752E-01
3.3869642407E+00	3.0177821E-01
3.3870497510E+00	6.1542734E-01
3.3871352267E+00	4.8911961E-01
3.3872207033E+00	5.2637252E-01
3.3873061632E+00	6.1740929E-01
3.3873933861E+00	4.2553944E-01
3.3874788120E+00	4.1923088E-01
3.3875642211E+00	4.9906996E-01
3.3876495956E+00	4.6739830E-01
3.3877349711E+00	4.3017229E-01
3.3878221079E+00	3.9246351E-01
3.3879074495E+00	3.1613325E-01
3.3879928099E+00	3.3602193E-01
3.3880781180E+00	4.5858349E-01
3.3881634093E+00	4.1154144E-01
3.3882504602E+00	4.7080586E-01
3.3883356999E+00	5.2520486E-01
3.3884209407E+00	6.5908094E-01
3.3885061647E+00	4.4090491E-01
3.3885913720E+00	4.7306800E-01
3.3886783372E+00	4.9704166E-01
3.3895310928E+00	5.0846076E-01
3.3896178701E+00	5.8595273E-01
3.3897028596E+00	4.5384962E-01
3.3897878324E+00	5.7516548E-01
3.3898727886E+00	5.5582793E-01
3.3899594977E+00	5.9398074E-01
3.3900444026E+00	6.4400621E-01
3.3901293087E+00	5.6177327E-01
3.3902141982E+00	6.2160861E-01
3.3902991064E+00	5.4262624E-01
3.3903839627E+00	6.6563399E-01
3.3904705697E+00	7.4027863E-01
3.3905553925E+00	7.2309373E-01
3.3906401811E+00	7.7414295E-01
3.3907249707E+00	6.4184031E-01
3.3908097439E+00	7.0187214E-01
3.3908962660E+00	5.8287844E-01
3.3909810057E+00	7.3568150E-01
3.3910657289E+00	6.3104429E-01
3.3911504179E+00	7.2536243E-01
3.3912351080E+00	7.5682712E-01
3.3913215455E+00	7.7522191E-01
3.3914062023E+00	7.0004886E-01
3.3914908778E+00	7.2240117E-01
3.3915755015E+00	6.6674351E-01
3.3916601088E+00	6.6209416E-01
3.3917464618E+00	7.1769074E-01
3.3918310181E+00	7.1314813E-01
3.3919155757E+00	6.9458193E-01
3.3920001167E+00	6.8397983E-01
3.3920846413E+00	6.4786198E-01
3.3921691495E+00	8.3011885E-01
3.3922554013E+00	7.0260256E-01
3.3923398586E+00	6.5112373E-01
3.3924243171E+00	6.3932862E-01
3.3925087592E+00	7.3660884E-01
3.3925931849E+00	7.9763754E-01
3.3926793877E+00	8.0239815E-01
3.3927637802E+00	7.0949816E-01
3.3928481564E+00	7.1082407E-01
3.3929325161E+00	6.6729852E-01
3.3930168419E+00	7.4680036E-01
3.3931029255E+00	6.8391200E-01
3.3931872358E+00	7.3493097E-01
3.3932715297E+00	7.2124564E-01
3.3933558072E+00	7.0945203E-01
3.3934400684E+00	6.5687042E-01
3.3935242957E+00	6.7453649E-01
3.3936102788E+00	6.4128651E-01
3.3936944907E+00	6.6684353E-01
3.3937786862E+00	6.7189567E-01
3.3938629004E+00	7.4287137E-01
3.3939470633E+00	7.4260726E-01
3.3940329628E+00	8.1889292E-01
3.3941170927E+00	7.9135335E-01
3.3942011888E+00	8.9752919E-01
3.3942852861E+00	7.4729179E-01
3.3943693672E+00	8.7745721E-01
3.3944534320E+00	9.0174912E-01
3.3945392314E+00	8.3392926E-01
3.3946232633E+00	9.5352835E-01
3.3947072615E+00	1.0220036E+00
3.3947912609E+00	8.9513441E-01
3.3948752441E+00	8.9151022E-01
3.3949609601E+00	9.0228660E-01
3.3950449455E+00	7.8471299E-01
3.3951288796E+00	7.3822284E-01
3.3952127975E+00	7.7569259E-01
3.3952966818E+00	7.4050832E-01
3.3953805673E+00	7.3379328E-01
3.3954661837E+00	7.3208013E-01
3.3955500365E+00	7.9035443E-01
3.3956338730E+00	7.5878372E-01
3.3957176935E+00	7.0100824E-01
3.3958014802E+00	7.6380172E-01
3.3958870137E+00	7.4064166E-01
3.3959707853E+00	7.6643394E-01
3.3960545407E+00	7.2014164E-01
3.3961383148E+00	8.2544250E-01
3.3962220380E+00	8.4226541E-01
3.3963057449E+00	8.1211431E-01
3.3963911792E+00	7.7350870E-01
3.3964748361E+00	8.0607624E-01
3.3965584944E+00	7.6692468E-01
3.3966421365E+00	7.3842326E-01
3.3967257626E+00	7.4558672E-01
3.3968093726E+00	7.4889941E-01
3.3968947078E+00	7.9810469E-01
3.3969782678E+00	7.9823309E-01
3.3970618292E+00	7.3289312E-01
3.3971453745E+00	7.7393665E-01
3.3972289037E+00	7.0919795E-01
3.3973141913E+00	6.8514196E-01
3.3973976881E+00	6.4261281E-01
3.3974811688E+00	7.2142595E-01
3.3975646334E+00	6.9442062E-01
3.3976480647E+00	7.4280905E-01
3.3977314973E+00	7.2029442E-01
3.3978166515E+00	8.0913655E-01
3.3979000517E+00	7.8401930E-01
3.3979834359E+00	7.1789316E-01
3.3980668041E+00	6.7173562E-01
3.3981501390E+00	6.7794516E-01
3.3982334752E+00	6.9734764E-01
3.3983185311E+00	7.0004680E-01
3.3984018350E+00	6.7823797E-01
3.3984851576E+00	7.2118189E-01
3.3985684296E+00	7.2590832E-01
3.3986516856E+00	7.9120941E-01
3.3987349083E+00	8.0268420E-01
3.3988198660E+00	8.4735631E-01
3.3989030738E+00	7.9480798E-01
3.3989862657E+00	7.5284015E-01
3.3990694416E+00	7.7121895E-01
3.3991526016E+00	7.4368341E-01
3.3992357284E+00	7.8485535E-01
3.3993205882E+00	7.2509481E-01
3.3994037002E+00	7.3170700E-01
3.3994867962E+00	7.0923494E-01
3.3995699110E+00	7.3692484E-01
3.3996529752E+00	7.4051996E-01
3.3997360236E+00	7.4795611E-01
3.3998207857E+00	7.2028574E-01
3.3999037847E+00	6.9738679E-01
3.3999867851E+00	7.1365142E-01
3.4000697697E+00	7.4062816E-01
3.4001527384E+00	6.7139742E-01
3.4002356912E+00	6.7231542E-01
3.4003203559E+00	6.8466868E-01
3.4004032595E+00	6.3602754E-01
3.4004861645E+00	6.9384289E-01
3.4005690537E+00	6.4728550E-01
3.4006519271E+00	7.3827703E-01
3.4007348192E+00	7.4056120E-01
3.4008193867E+00	6.3835653E-01
3.4009022123E+00	6.9904126E-01
3.4009850221E+00	7.3643418E-01
3.4010677989E+00	6.5133240E-01
3.4011505772E+00	6.8660986E-01
3.4012333397E+00	7.0915138E-01
3.4013178101E+00	7.1754171E-01
3.4014005408E+00	7.1417792E-01
3.4014832557E+00	6.8690076E-01
3.4015659376E+00	7.2405406E-01
3.4016486210E+00	7.3572271E-01
3.4017312886E+00	7.1380770E-01
3.4018156623E+00	7.5632027E-01
3.4018983326E+00	7.1776144E-01
3.4019809527E+00	7.4774628E-01
3.4020635571E+00	7.5757084E-01
3.4021461286E+00	7.4049365E-01
3.4022287016E+00	7.5451100E-01
3.4023129787E+00	7.1068932E-01
3.4023955200E+00	7.5664789E-01
3.4024780456E+00	7.3172380E-01
3.4025605556E+00	7.6923418E-01
3.4026430327E+00	7.7903115E-01
3.4027255113E+00	6.9102019E-01
3.4028079742E+00	7.1810113E-01
3.4028921390E+00	7.4516329E-01
3.4029746046E+00	6.5514797E-01
3.4030570203E+00	6.8019919E-01
3.4031394203E+00	7.1344271E-01
3.4032218047E+00	6.3044795E-01
3.4033058721E+00	6.3252264E-01
3.4033882250E+00	6.2532878E-01
3.4034705622E+00	6.3035318E-01
3.4035528838E+00	6.0658436E-01
3.4036351898E+00	6.6432462E-01
3.4037174802E+00	6.8734838E-01
3.4037997379E+00	6.7697642E-01
3.4038837107E+00	6.9324883E-01
3.4039659540E+00	7.4166932E-01
3.4040481818E+00	8.0734266E-01
3.4041304282E+00	7.6766554E-01
3.4042126249E+00	8.3001429E-01
3.4042948059E+00	8.1000845E-01
3.4043786831E+00	8.3196805E-01
3.4044608156E+00	8.1099260E-01
3.4045429498E+00	8.5748630E-01
3.4046250684E+00	7.6604060E-01
3.4047071714E+00	7.7089822E-01
3.4047892590E+00	8.4510570E-01
3.4048713140E+00	6.8348812E-01
3.4049550798E+00	7.6992645E-01
3.4050371206E+00	6.4189174E-01
3.4051191458E+00	7.1025876E-01
3.4052011897E+00	7.2649762E-01
3.4052831839E+00	7.1729482E-01
3.4053651627E+00	6.9473549E-01
3.4054488334E+00	7.1377263E-01
3.4055307638E+00	6.9746144E-01
3.4056126959E+00	6.8632774E-01
3.4056946125E+00	6.7122238E-01
3.4057765136E+00	7.2400942E-01
3.4058583993E+00	6.5049294E-01
3.4059402696E+00	6.3954961E-01
3.4060238125E+00	6.9707586E-01
3.4061056516E+00	6.3500261E-01
3.4061874753E+00	6.2792940E-01
3.4062692835E+00	6.5950840E-01
3.4063511105E+00	6.6564245E-01
3.4064328879E+00	6.2143799E-01
3.4065163532E+00	6.4067326E-01
3.4065980995E+00	6.1038410E-01
3.4066798135E+00	6.2346430E-01
3.4067615290E+00	6.3546272E-01
3.4068432293E+00	5.5325651E-01
3.4069249141E+00	5.4393508E-01
3.4070065836E+00	5.3645544E-01
3.4070899387E+00	5.7026275E-01
3.4071715601E+00	5.5647575E-01
3.4072531832E+00	5.7538905E-01
3.4073347910E+00	5.9519183E-01
3.4074164175E+00	5.8852433E-01
3.4074979946E+00	6.8125377E-01
3.4075795564E+00	6.9384676E-01
3.4076628016E+00	7.2298968E-01
3.4077443154E+00	6.9141579E-01
3.4078258310E+00	6.5892615E-01
3.4079073312E+00	6.2201672E-01
3.4079888162E+00	6.6014955E-01
3.4080702859E+00	6.8736066E-01
3.4081534371E+00	7.3661109E-01
3.4082348589E+00	7.0499385E-01
3.4083162825E+00	6.6413850E-01
3.4083976907E+00	6.6363089E-01
3.4084790838E+00	6.3111447E-01
3.4085604954E+00	6.1248092E-01
3.4086418580E+00	6.7842556E-01
3.4087248998E+00	7.4378373E-01
3.4088062315E+00	7.1985689E-01
3.4088875311E+00	7.0179297E-01
3.4089688324E+00	7.1469344E-01
3.4090501184E+00	7.1441419E-01
3.4091313893E+00	6.9473791E-01
3.4092126449E+00	7.1265947E-01
3.4092955777E+00	6.1385128E-01
3.4093767857E+00	6.3432281E-01
3.4094579955E+00	6.6405827E-01
3.4095391900E+00	6.3143186E-01
3.4096204032E+00	6.3377821E-01
3.4097015674E+00	6.2702444E-01
3.4097827165E+00	5.9880425E-01
3.4098655405E+00	5.9835051E-01
3.4099466420E+00	5.8844730E-01
3.4100277453E+00	5.5374903E-01
3.4101088334E+00	6.0019846E-01
3.4101899064E+00	5.3693042E-01
3.4102709643E+00	5.7029723E-01
3.4103520070E+00	6.5111198E-01
3.4104347056E+00	5.9338127E-01
3.4105157178E+00	5.2595601E-01
3.4105967149E+00	4.9891947E-01
3.4106776969E+00	5.2920739E-01
3.4107586975E+00	5.5191528E-01
3.4108396492E+00	6.3319645E-01
3.4109205859E+00	5.9622578E-01
3.4110031932E+00	7.2131048E-01
3.4110840826E+00	7.2127527E-01
3.4111649738E+00	7.1205780E-01
3.4112458498E+00	7.1567243E-01
3.4113267109E+00	6.4646626E-01
3.4114075569E+00	7.0343448E-01
3.4114883709E+00	6.9883345E-01
3.4115708703E+00	6.3194064E-01
3.4116516709E+00	6.3365134E-01
3.4117324564E+00	6.9029311E-01
3.4118132605E+00	6.8702557E-01
3.4118940160E+00	6.7216858E-01
3.4119747564E+00	6.4294662E-01
3.4120554819E+00	5.9632316E-01
3.4121378568E+00	5.9975313E-01
3.4122185520E+00	6.6028866E-01
3.4122992321E+00	6.3464810E-01
3.4123798973E+00	6.2265880E-01
3.4124605474E+00	6.3608602E-01
3.4125411826E+00	6.2961213E-01
3.4126217861E+00	6.2356090E-01
3.4127040705E+00	6.3734279E-01
3.4127846605E+00	6.8611746E-01
3.4128652355E+00	6.1139409E-01
3.4129458292E+00	6.4215901E-01
3.4130263744E+00	6.6539979E-01
3.4131069046E+00	5.8744449E-01
3.4131874031E+00	6.3986900E-01
3.4132679035E+00	6.3023330E-01
3.4133500655E+00	6.1590530E-01
3.4134305358E+00	5.8173140E-01
3.4135109911E+00	6.0276800E-01
3.4135914315E+00	6.4558958E-01
3.4136718403E+00	6.0199796E-01
3.4137522509E+00	5.8578707E-01
3.4138326467E+00	6.6681693E-01
3.4139147020E+00	6.4496005E-01
3.4139951012E+00	6.0222068E-01
3.4140754520E+00	5.4989396E-01
3.4141557879E+00	5.4470184E-01
3.4142361090E+00	6.1043476E-01
3.4143163985E+00	6.1998287E-01
3.4143966899E+00	5.9304529E-01
3.4144786387E+00	6.0264166E-01
3.4145589002E+00	5.7243246E-01
3.4146391467E+00	6.3205756E-01
3.4147193785E+00	6.0076487E-01
3.4147995787E+00	5.9025463E-01
3.4148797808E+00	5.9867014E-01
3.4149599682E+00	5.2985815E-01
3.4150401741E+00	5.6349004E-01
3.4151220016E+00	5.3691346E-01
3.4152021442E+00	5.0187553E-01
3.4152822720E+00	4.8093582E-01
3.4153623684E+00	5.3072476E-01
3.4154424666E+00	6.0538019E-01
3.4155225501E+00	6.1820270E-01
3.4156026189E+00	6.2369390E-01
3.4156843405E+00	6.5042408E-01
3.4157643794E+00	6.4656204E-01
3.4158443869E+00	6.7607417E-01
3.4159243963E+00	6.5175373E-01
3.4160043910E+00	6.7681637E-01
3.4160843710E+00	7.1784765E-01
3.4161643695E+00	7.4138077E-01
3.4162443200E+00	7.5718736E-01
3.4163259210E+00	7.1744706E-01
3.4164058417E+00	7.0914304E-01
3.4164857312E+00	7.4902911E-01
3.4165656225E+00	7.0987789E-01
3.4166454992E+00	6.3869453E-01
3.4167253612E+00	6.7440780E-01
3.4168052085E+00	7.1913082E-01
3.4168867041E+00	6.6540943E-01
3.4169665052E+00	6.6046245E-01
3.4170463082E+00	6.4877336E-01
3.4171260965E+00	6.3410584E-01
3.4172059034E+00	5.6525572E-01
3.4172856624E+00	5.5170323E-01
3.4173654068E+00	5.3358058E-01
3.4174451365E+00	6.2297197E-01
3.4175264956E+00	5.8602068E-01
3.4176061957E+00	5.7496424E-01
3.4176858812E+00	6.4702044E-01
3.4177655522E+00	6.2445455E-01
3.4178452085E+00	6.0359771E-01
3.4179248502E+00	6.0553775E-01
3.4180044607E+00	6.1217489E-01
3.4180857316E+00	6.6970758E-01
3.4181653292E+00	7.1381651E-01
3.4182449123E+00	7.4193266E-01
3.4183245139E+00	7.0711581E-01
3.4184040677E+00	7.4775710E-01
3.4184836070E+00	6.8748175E-01
3.4185631152E+00	6.7464456E-01
3.4186426253E+00	6.5390216E-01
3.4187237769E+00	6.8772917E-01
3.4188032577E+00	7.3957380E-01
3.4188827239E+00	8.1504786E-01
3.4189621756E+00	8.0784317E-01
3.4190415962E+00	7.6861872E-01
3.4191210188E+00	8.2459004E-01
3.4192004269E+00	7.3994415E-01
3.4192798205E+00	7.2513560E-01
3.4193608863E+00	7.7088851E-01
3.4194402505E+00	8.0173406E-01
3.4195196003E+00	7.4718420E-01
3.4195989355E+00	7.1791604E-01
3.4196782398E+00	7.4881397E-01
3.4197575461E+00	6.8360304E-01
3.4198368379E+00	7.0189508E-01
3.4199161152E+00	6.8964607E-01
3.4199970293E+00	6.4512707E-01
3.4200762774E+00	6.2597919E-01
3.4201554945E+00	5.8105432E-01
3.4202347137E+00	5.8000673E-01
3.4203139185E+00	5.5216791E-01
3.4211068359E+00	4.3565388E-01
3.4211875120E+00	5.1483081E-01
3.4212665432E+00	5.4410186E-01
3.4213455600E+00	5.4482942E-01
3.4214245624E+00	4.6984770E-01
3.4215035834E+00	4.8153264E-01
3.4215825571E+00	4.0260041E-01
3.4221365978E+00	3.8847081E-01
3.4222154401E+00	4.3616255E-01
3.4222942845E+00	4.0875347E-01
3.4223731145E+00	3.3745980E-01
3.4224535721E+00	4.1169051E-01
3.4225324061E+00	4.3804412E-01
3.4226111930E+00	4.3973254E-01
3.4226899655E+00	4.3386492E-01
3.4227687238E+00	4.3418612E-01
3.4228474514E+00	5.2940063E-01
3.4229261811E+00	4.2166700E-01
3.4230048966E+00	4.7691985E-01
3.4230835978E+00	4.3450408E-01
3.4231639239E+00	4.3328212E-01
3.4232425962E+00	4.6153135E-01
3.4233212380E+00	4.2627121E-01
3.4233998819E+00	4.4857527E-01
3.4234785115E+00	4.0492917E-01
3.4235571597E+00	4.2000555E-01
3.4236357609E+00	3.7843218E-01
3.4237143478E+00	4.0492658E-01
3.4237945574E+00	3.6447848E-01
3.4238730992E+00	4.3092201E-01
3.4239516433E+00	4.0762947E-01
3.4240301731E+00	3.6010231E-01
3.4241086887E+00	3.8321097E-01
3.4241871901E+00	4.2632273E-01
3.4242656774E+00	4.1052814E-01
3.4243441341E+00	4.0778359E-01
3.4244225930E+00	5.2564470E-01
3.4245026719E+00	5.3634219E-01
3.4245811021E+00	5.3323533E-01
3.4246595509E+00	5.2901712E-01
3.4247379528E+00	4.9676679E-01
3.4248163406E+00	4.3479263E-01
3.4248946979E+00	4.1157530E-01
3.4249730574E+00	3.5625516E-01
3.4250514028E+00	4.6239369E-01
3.4251313658E+00	4.6078880E-01
3.4252096826E+00	4.1600517E-01
3.4252879853E+00	4.2362977E-01
3.4253662576E+00	5.6580142E-01
3.4254445320E+00	5.4106112E-01
3.4255227924E+00	4.2771770E-01
3.4256010387E+00	4.5670464E-01
3.4256793034E+00	4.4159034E-01
3.4257591509E+00	4.3017220E-01
3.4258373546E+00	4.3969476E-01
3.4259155442E+00	3.9516417E-01
3.4259937035E+00	4.6078479E-01
3.4260718650E+00	4.5237907E-01
3.4261500124E+00	4.8443654E-01
3.4262281457E+00	4.1834375E-01
3.4263062650E+00	4.3555221E-01
3.4263859973E+00	5.0788529E-01
3.4264640720E+00	4.4148133E-01
3.4265421489E+00	4.2974091E-01
3.4266202117E+00	4.5600595E-01
3.4266982930E+00	5.2974755E-01
3.4267763278E+00	4.6799902E-01
3.4268543486E+00	3.7461259E-01
3.4269323553E+00	4.2687153E-01
3.4270103318E+00	4.0184704E-01
3.4270899350E+00	4.1521681E-01
3.4271678994E+00	4.1833401E-01
3.4272458499E+00	4.2415297E-01
3.4273237864E+00	5.0467139E-01
3.4274017088E+00	4.9323903E-01
3.4274796011E+00	4.6215680E-01
3.4275574957E+00	4.6669093E-01
3.4276353762E+00	4.1981249E-01
3.4277148649E+00	4.4068491E-01
3.4277927497E+00	5.6049287E-01
3.4278705881E+00	5.2487755E-01
3.4279484125E+00	4.7977692E-01
3.4280262068E+00	4.1314245E-01
3.4281040034E+00	4.5075648E-01
3.4281817860E+00	4.4589627E-01
3.4282595547E+00	4.8989493E-01
3.4283389293E+00	4.9017554E-01
3.4284166698E+00	5.1967251E-01
3.4284943803E+00	5.3376985E-01
3.4285720931E+00	5.3407098E-01
3.4286497919E+00	5.3748644E-01
3.4287274769E+00	5.2286824E-01
3.4288051803E+00	5.3616717E-01
3.4288828375E+00	5.2434814E-01
3.4289604807E+00	4.9189811E-01
3.4290380940E+00	5.2144991E-01
3.4291173264E+00	4.9508709E-01
3.4291949277E+00	4.8593148E-01
3.4292725152E+00	4.9053992E-01
3.4293500889E+00	4.7370710E-01
3.4294276487E+00	3.8532158E-01
3.4295051785E+00	4.1415213E-01
3.4295827106E+00	4.6852623E-01
3.4296602289E+00	5.1368555E-01
3.4297393478E+00	5.8778225E-01
3.4298168704E+00	6.5491527E-01
3.4298943469E+00	6.0394340E-01
3.4299718096E+00	6.1782417E-01
3.4300492585E+00	6.6477440E-01
3.4301266774E+00	6.8157880E-01
3.4302040986E+00	6.3567210E-01
3.4302815061E+00	6.6318804E-01
3.4303588997E+00	6.1277960E-01
3.4304378915E+00	6.2001560E-01
3.4305152573E+00	5.2944522E-01
3.4305925932E+00	5.4286428E-01
3.4306699315E+00	5.2086585E-01
3.4307472559E+00	5.2299870E-01
3.4308245988E+00	5.0829804E-01
3.4309018958E+00	5.2669824E-01
3.4309791790E+00	4.4916147E-01
3.4310580580E+00	4.6022747E-01
3.4311352973E+00	4.7130572E-01
3.4312125390E+00	4.7896843E-01
3.4312897669E+00	4.2052283E-01
3.4313669811E+00	4.3354164E-01
3.4314441816E+00	4.7363558E-01
3.4315213684E+00	5.0009290E-01
3.4315985253E+00	4.9433872E-01
3.4316756847E+00	5.4227029E-01
3.4317528303E+00	5.5575478E-01
3.4318315690E+00	5.1999468E-01
3.4319087190E+00	4.9228306E-01
3.4319858233E+00	5.4674058E-01
3.4320629138E+00	5.2056857E-01
3.4321399747E+00	5.4070325E-01
3.4322170379E+00	6.4850580E-01
3.4322940874E+00	6.5421162E-01
3.4323711233E+00	6.4113110E-01
3.4324497499E+00	6.6628784E-01
3.4325267582E+00	6.8584649E-01
3.4326037368E+00	6.3937929E-01
3.4326807177E+00	6.1438717E-01
3.4327576850E+00	6.4340661E-01
3.4328346387E+00	7.3956084E-01
3.4329116108E+00	7.0064082E-01
3.4329885372E+00	7.3056156E-01
3.4330654500E+00	6.5006466E-01
3.4331439511E+00	7.0232926E-01
3.4332208204E+00	6.6398481E-01
3.4332976920E+00	6.8553717E-01
3.4333745501E+00	7.1417017E-01
3.4334513945E+00	7.0413349E-01
3.4335282254E+00	6.5006022E-01
3.4336050267E+00	6.8902608E-01
3.4336818304E+00	6.6182869E-01
3.4337586205E+00	6.5946741E-01
3.4338369964E+00	7.0433045E-01
3.4339137911E+00	7.0492032E-01
3.4339905402E+00	7.0880163E-01
3.4340672758E+00	7.3644355E-01
3.4341439978E+00	7.5053575E-01
3.4342206902E+00	6.8623440E-01
3.4342973851E+00	6.3520865E-01
3.4343740665E+00	7.2103563E-01
3.4344523314E+00	6.7640242E-01
3.4345289854E+00	6.5285356E-01
3.4346056259E+00	7.0861342E-01
3.4346822369E+00	6.9464892E-01
3.4347588504E+00	6.5605676E-01
3.4348354503E+00	6.1117969E-01
3.4349120686E+00	6.6549760E-01
3.4349886415E+00	7.1588169E-01
3.4350652010E+00	6.6205061E-01
3.4351417469E+00	6.8657623E-01
3.4352198577E+00	6.7514023E-01
3.4352963763E+00	6.6639908E-01
3.4353728815E+00	7.5719338E-01
3.4354493732E+00	7.2689037E-01
3.4355258515E+00	7.5540364E-01
3.4356023163E+00	7.4289902E-01
3.4356787517E+00	7.4708768E-01
3.4357551895E+00	7.1989986E-01
3.4358316140E+00	6.6327610E-01
3.4359096167E+00	7.0411731E-01
3.4359860458E+00	6.8461546E-01
3.4360624296E+00	6.6560909E-01
3.4361388000E+00	6.9877025E-01
3.4362151410E+00	6.7394175E-01
3.4362914845E+00	6.8590027E-01
3.4363678146E+00	6.6832308E-01
3.4364441313E+00	7.0391639E-01
3.4365220241E+00	7.0964067E-01
3.4365983138E+00	7.5574793E-01
3.4366745741E+00	6.9169711E-01
3.4367508369E+00	7.0426568E-01
3.4368270863E+00	7.5250542E-01
3.4369033224E+00	6.6561587E-01
3.4369795768E+00	6.2706383E-01
3.4370557861E+00	6.1667619E-01
3.4371319820E+00	6.2467740E-01
3.4372097515E+00	6.9196566E-01
3.4372859045E+00	7.2659759E-01
3.4373620601E+00	8.2992638E-01
3.4374382023E+00	8.4952640E-01
3.4375143311E+00	8.3308765E-01
3.4375904467E+00	7.6058578E-01
3.4376665330E+00	7.4105806E-01
3.4377426218E+00	7.0978661E-01
3.4378186973E+00	6.4948109E-01
3.4378947595E+00	7.4575989E-01
3.4379724243E+00	7.5002977E-01
3.4380484596E+00	8.0925518E-01
3.4381244815E+00	7.9317561E-01
3.4382004902E+00	7.4734833E-01
3.4382764697E+00	8.1346226E-01
3.4383524518E+00	7.9364163E-01
3.4384284205E+00	8.0874570E-01
3.4385043760E+00	7.7838552E-01
3.4385803182E+00	7.8750273E-01
3.4386578289E+00	7.8626059E-01
3.4387337284E+00	8.0990715E-01
3.4388096305E+00	8.4232278E-01
3.4388855194E+00	9.1562707E-01
3.4389614266E+00	8.4358079E-01
3.4390372889E+00	8.2777729E-01
3.4391131380E+00	7.5622865E-01
3.4391889739E+00	7.4222027E-01
3.4392663602E+00	7.7297844E-01
3.4393421692E+00	8.8755469E-01
3.4394179651E+00	7.9228181E-01
3.4394937477E+00	7.9682713E-01
3.4395695171E+00	8.5829354E-01
3.4396452733E+00	8.6772989E-01
3.4397210005E+00	8.7724958E-01
3.4397967303E+00	8.4709231E-01
3.4398724469E+00	8.8619710E-01
3.4399497273E+00	8.5037725E-01
3.4400254487E+00	8.3439301E-01
3.4401011254E+00	8.2609937E-01
3.4401767890E+00	7.8069856E-01
3.4402524236E+00	8.7628879E-01
3.4403280607E+00	8.2349349E-01
3.4404036847E+00	8.2361528E-01
3.4404792956E+00	8.0135078E-01
3.4405548933E+00	8.7395946E-01
3.4406304778E+00	7.3093179E-01
3.4407076077E+00	7.5407039E-01
3.4407831656E+00	6.9416468E-01
3.4408587104E+00	7.3295344E-01
3.4409342421E+00	7.3406513E-01
3.4410097921E+00	7.3144439E-01
3.4410852975E+00	7.1050496E-01
3.4411607898E+00	7.4432619E-01
3.4412362532E+00	7.0217620E-01
3.4413117192E+00	7.3201569E-01
3.4413887440E+00	7.0942885E-01
3.4414641835E+00	7.3132435E-01
3.4415396100E+00	8.0975993E-01
3.4416150233E+00	7.7591330E-01
3.4416904079E+00	7.9546950E-01
3.4417657950E+00	7.5293910E-01
3.4418411691E+00	7.0311761E-01
3.4419165301E+00	7.5697458E-01
3.4419919094E+00	7.3488749E-01
3.4420688136E+00	7.1553722E-01
3.4421441352E+00	7.1797777E-01
3.4422194436E+00	7.5911634E-01
3.4422947233E+00	6.7559947E-01
3.4423700057E+00	7.3080866E-01
3.4424452750E+00	6.5702307E-01
3.4425205313E+00	5.6745859E-01
3.4425957745E+00	5.1799878E-01
3.4426709890E+00	5.1107843E-01
3.4427477730E+00	5.8066293E-01
3.4428229769E+00	5.8922506E-01
3.4428981678E+00	6.1006184E-01
3.4429733769E+00	6.1476404E-01
3.4430485417E+00	6.2041571E-01
3.4431236935E+00	6.5905157E-01
3.4431988323E+00	6.0278940E-01
3.4432739425E+00	6.8508347E-01
3.4433490553E+00	6.2775444E-01
3.4434257196E+00	6.1933343E-01
3.4435008062E+00	5.8120018E-01
3.4435758798E+00	5.4060732E-01
3.4436509404E+00	5.6558933E-01
3.4437259724E+00	5.0617977E-01
3.4438010071E+00	5.5611202E-01
3.4438760288E+00	4.5992665E-01
3.4439510688E+00	4.7811428E-01
3.4440260646E+00	5.2555270E-01
3.4441026095E+00	5.3063900E-01
3.4441775791E+00	5.7029483E-01
3.4442525202E+00	4.4901929E-01
3.4443274640E+00	4.2030653E-01
3.4444023948E+00	4.1256152E-01
3.4444773127E+00	4.2952630E-01
3.4445522177E+00	4.5865039E-01
3.4446271098E+00	5.1220233E-01
3.4447019734E+00	5.8773265E-01
3.4447768396E+00	6.1412005E-01
3.4448532523E+00	5.8197391E-01
3.4449280925E+00	6.1333768E-01
3.4450029510E+00	7.1891033E-01
3.4450777654E+00	6.6135511E-01
3.4451525669E+00	6.5809217E-01
3.4452273399E+00	7.4579971E-01
3.4453021157E+00	7.7515592E-01
3.4453768786E+00	8.6910397E-01
3.4454516286E+00	8.4575176E-01
3.4455279226E+00	8.8773720E-01
3.4456026467E+00	9.3997859E-01
3.4456773423E+00	9.1923185E-01
3.4457520406E+00	7.9258941E-01
3.4458267261E+00	6.1073584E-01
3.4459013987E+00	4.0895669E-01
3.4459760896E+00	4.3214118E-01
3.4460507366E+00	2.7662771E-01
3.4461253707E+00	1.9857732E-01
3.4462015465E+00	1.8719105E-01
3.4462761392E+00	9.0854620E-02
3.4463507346E+00	2.1748283E-02
3.4464253172E+00	7.6133017E-02
3.4464998870E+00	2.8385869E-01
3.4465744440E+00	4.2208593E-01
3.4466489726E+00	5.3365135E-01
3.4467235040E+00	5.4187996E-01
3.4467980227E+00	5.1519598E-01
3.4468740806E+00	5.9470484E-01
3.4469486044E+00	4.4152855E-01
3.4470230844E+00	3.3576567E-01
3.4470975516E+00	3.0077967E-01
3.4471720061E+00	3.0565901E-01
3.4472464323E+00	1.7208247E-01
3.4473208612E+00	1.1981499E-01
3.4473952774E+00	2.6131849E-01
3.4474696809E+00	2.1959770E-01
3.4475456213E+00	3.5113770E-01
3.4476199990E+00	2.9874434E-01
3.4476943484E+00	3.8019683E-01
3.4477687007E+00	1.9756021E-01
3.4478430402E+00	2.1833499E-01
3.4479173979E+00	1.3487198E-01
3.4479917120E+00	2.3052775E-01
3.4480660133E+00	1.7805285E-01
3.4481403020E+00	1.3270156E-01
3.4482161097E+00	8.3514877E-02
3.4482903727E+00	1.0269970E-01
3.4483646230E+00	9.4313023E-02
3.4484388605E+00	2.0823134E-02
3.4485130854E+00	7.6728935E-02
3.4485872976E+00	1.4826024E-01
3.4486614817E+00	1.1328969E-01
3.4487356686E+00	1.4256746E-01
3.4488098428E+00	1.2355518E-01
3.4488855492E+00	1.3973452E-01
3.4489597287E+00	2.0261641E-01
3.4490338646E+00	1.8627698E-01
3.4491079879E+00	1.7928237E-01
3.4491820831E+00	1.9369040E-01
3.4492561810E+00	1.9303700E-01
3.4493302664E+00	2.1907568E-01
3.4494043391E+00	2.4495126E-01
3.4494783992E+00	2.2408143E-01
3.4495539892E+00	2.6971668E-01
3.4496280083E+00	2.3530704E-01
3.4497020303E+00	2.6146878E-01
3.4497760396E+00	2.6648846E-01
3.4498500363E+00	2.6073702E-01
3.4499240513E+00	3.1669824E-01
3.4499980228E+00	3.7689054E-01
3.4500719817E+00	4.5479987E-01
3.4501459126E+00	4.9028220E-01
3.4502213865E+00	4.7974772E-01
3.4502953074E+00	4.3725542E-01
3.4503692157E+00	4.2582816E-01
3.4504431115E+00	5.2278668E-01
3.4505169946E+00	5.9232064E-01
3.4505908498E+00	5.6256766E-01
3.4506647079E+00	6.3964682E-01
3.4507385533E+00	6.2628663E-01
3.4508123863E+00	6.0605329E-01
3.4508877752E+00	6.5763240E-01
3.4509615828E+00	6.9594882E-01
3.4510353778E+00	8.0576325E-01
3.4511091603E+00	7.8311271E-01
3.4511829149E+00	8.0440655E-01
3.4512566723E+00	7.7605285E-01
3.4513304172E+00	7.9520466E-01
3.4514041496E+00	8.7989212E-01
3.4514778694E+00	9.0414802E-01
3.4515531122E+00	9.0530129E-01
3.4516267915E+00	9.4508164E-01
3.4517004735E+00	9.2168166E-01
3.4517741431E+00	9.0324442E-01
3.4518478309E+00	8.5530109E-01
3.4519214755E+00	7.7438194E-01
3.4519951076E+00	8.2960792E-01
3.4520687272E+00	7.5758193E-01
3.4521423191E+00	7.6247568E-01
3.4522174468E+00	8.5064685E-01
3.4522910288E+00	8.1082240E-01
3.4523645983E+00	8.7238864E-01
3.4524381553E+00	8.3995401E-01
3.4525116999E+00	8.4385289E-01
3.4525852167E+00	7.3905266E-01
3.4526587364E+00	7.4009841E-01
3.4527322436E+00	8.7935557E-01
3.4528057690E+00	8.4810310E-01
3.4528807821E+00	8.9462458E-01
3.4529542518E+00	8.3334007E-01
3.4530277090E+00	9.1036411E-01
3.4531011385E+00	8.8162570E-01
3.4531745709E+00	8.1146320E-01
3.4532479909E+00	8.3119112E-01
3.4533213984E+00	8.1437889E-01
3.4533947936E+00	9.0494547E-01
3.4534681764E+00	8.7108782E-01
3.4535430599E+00	8.4300419E-01
3.4536164176E+00	8.2050788E-01
3.4536897629E+00	8.7478413E-01
3.4537630959E+00	8.1792133E-01
3.4538364470E+00	8.4539004E-01
3.4539097552E+00	8.4876238E-01
3.4539830510E+00	8.1083963E-01
3.4540563191E+00	7.6577922E-01
3.4541311166E+00	7.7423302E-01
3.4542043750E+00	8.0732121E-01
3.4542776211E+00	8.1136803E-01
3.4543508549E+00	7.8628496E-01
3.4544240763E+00	7.5494947E-01
3.4544972701E+00	7.4779063E-01
3.4545704669E+00	7.7812686E-01
3.4546436512E+00	7.6572557E-01
3.4547168233E+00	8.0408508E-01
3.4547915376E+00	7.5061986E-01
3.4548646847E+00	7.6065384E-01
3.4549378196E+00	7.4040399E-01
3.4550109421E+00	7.4430687E-01
3.4550840371E+00	7.5273743E-01
3.4551571350E+00	7.0180787E-01
3.4552302206E+00	7.3427061E-01
3.4553032939E+00	7.3898737E-01
3.4553763549E+00	7.9995173E-01
3.4554509254E+00	7.0754306E-01
3.4555239463E+00	7.2103608E-01
3.4555969702E+00	6.9437807E-01
3.4556699819E+00	6.7407333E-01
3.4557430117E+00	7.2787915E-01
3.4558159987E+00	6.8287568E-01
3.4558889736E+00	6.9906543E-01
3.4559619361E+00	7.7447171E-01
3.4560348712E+00	7.6025957E-01
3.4561093287E+00	6.8387572E-01
3.4561822543E+00	6.5479551E-01
3.4562551676E+00	5.9176370E-01
3.4563280687E+00	6.1296791E-01
3.4564009575E+00	6.3725559E-01
3.4564738189E+00	6.5174548E-01
3.4565466833E+00	6.9267415E-01
3.4566195355E+00	6.2504775E-01
3.4566938928E+00	6.1615984E-01
3.4567667506E+00	6.1165783E-01
3.4568395659E+00	6.0261884E-01
3.4569123689E+00	6.3810239E-01
3.4569851446E+00	6.4904150E-01
3.4570579233E+00	6.7413277E-01
3.4571306897E+00	6.2747721E-01
3.4572034440E+00	7.2456658E-01
3.4572761861E+00	7.0767227E-01
3.4573504310E+00	6.7567387E-01
3.4574231334E+00	6.8525841E-01
3.4574958387E+00	6.3150814E-01
3.4575685318E+00	6.5071184E-01
3.4576412128E+00	6.5369553E-01
3.4577139118E+00	7.3790074E-01
3.4577865685E+00	7.5545435E-01
3.4578592130E+00	6.9272383E-01
3.4579333583E+00	6.8219203E-01
3.4580059631E+00	6.9125517E-01
3.4580785709E+00	6.9915302E-01
3.4581511666E+00	6.6424024E-01
3.4582237501E+00	6.9818339E-01
3.4582963215E+00	6.5348587E-01
3.4583688657E+00	6.6290779E-01
3.4584414129E+00	6.6022517E-01
3.4585139479E+00	6.3091241E-01
3.4585879816E+00	6.8447810E-01
3.4586605224E+00	6.4034058E-01
3.4587330208E+00	5.3975527E-01
3.4588055072E+00	5.8894282E-01
3.4588779815E+00	6.2713987E-01
3.4589504285E+00	6.1454383E-01
3.4590228786E+00	5.4665238E-01
3.4590953166E+00	5.4912924E-01
3.4591677425E+00	5.5513583E-01
3.4592416649E+00	5.3187285E-01
3.4593140664E+00	5.8984494E-01
3.4593864408E+00	5.7968388E-01
3.4594588182E+00	6.3008370E-01
3.4595311835E+00	6.0140585E-01
3.4596035669E+00	5.6222874E-01
3.4596759081E+00	5.5894113E-01
3.4597482373E+00	5.9228266E-01
3.4598220609E+00	5.7408408E-01
3.4598943507E+00	5.7897969E-01
3.4599666435E+00	6.3343006E-01
3.4600389242E+00	6.1971222E-01
3.4601111930E+00	6.5270400E-01
3.4601834497E+00	6.1280022E-01
3.4602556944E+00	6.2120475E-01
3.4603279120E+00	6.4286044E-01
3.4604016372E+00	5.9878395E-01
3.4604738456E+00	6.1155490E-01
3.4605460420E+00	5.9696898E-01
3.4606182565E+00	5.9848799E-01
3.4606904289E+00	6.2719473E-01
3.4607625893E+00	5.9332382E-01
3.4608347227E+00	6.5029499E-01
3.4609068592E+00	6.4985008E-01
3.4609804861E+00	6.2949872E-01
3.4610525983E+00	5.6003046E-01
3.4611246986E+00	5.5154334E-01
3.4611967869E+00	5.5821090E-01
3.4612688482E+00	5.7557693E-01
3.4613409126E+00	5.5650220E-01
3.4614129650E+00	5.5243240E-01
3.4614850055E+00	5.7123818E-01
3.4615570641E+00	5.3684320E-01
3.4616305808E+00	5.5136714E-01
3.4617025852E+00	4.7623582E-01
3.4617745777E+00	4.9275000E-01
3.4618465432E+00	4.9644777E-01
3.4619185118E+00	5.2013253E-01
3.4619904685E+00	5.2038995E-01
3.4620624132E+00	4.9602610E-01
3.4621343461E+00	4.8718171E-01
3.4622077652E+00	4.5732014E-01
3.4622796590E+00	4.5220286E-01
3.4623515559E+00	4.5254916E-01
3.4624234408E+00	4.2079393E-01
3.4624953438E+00	3.9377869E-01
3.4625672050E+00	4.1055325E-01
3.4626390543E+00	4.7843204E-01
3.4627108917E+00	4.2815443E-01
3.4627841985E+00	4.5022596E-01
3.4628560119E+00	4.3407007E-01
3.4629278134E+00	4.4271848E-01
3.4629996030E+00	4.0849227E-01
3.4630713808E+00	4.1002090E-01
3.4631431467E+00	3.7579908E-01
3.4632148859E+00	4.5039679E-01
3.4632866281E+00	4.5646795E-01
3.4633598527E+00	4.3463178E-01
3.4634315710E+00	4.5614385E-01
3.4635033073E+00	4.3848373E-01
3.4635750019E+00	4.2074913E-01
3.4636466846E+00	4.1017144E-01
3.4637183406E+00	3.9415516E-01
3.4637899997E+00	4.2840114E-01
3.4638616470E+00	4.1634613E-01
3.4639347748E+00	4.1326281E-01
3.4640063982E+00	3.6399013E-01
3.4640780098E+00	3.7390560E-01
3.4641495946E+00	4.3199491E-01
3.4642211826E+00	4.0658372E-01
3.4642927588E+00	3.6730191E-01
3.4643643232E+00	4.2213537E-01
3.4644359056E+00	4.0327314E-01
3.4645089367E+00	4.0953266E-01
3.4645804655E+00	4.1342883E-01
3.4646519825E+00	4.2425148E-01
3.4647234729E+00	5.2716936E-01
3.4647949663E+00	4.8419288E-01
3.4648664480E+00	4.9184770E-01
3.4649379180E+00	4.6095357E-01
3.4650093761E+00	4.9123704E-01
3.4650823109E+00	4.5613695E-01
3.4651537304E+00	4.3830665E-01
3.4652251531E+00	4.3449065E-01
3.4652965640E+00	3.8336820E-01
3.4653679930E+00	4.1999810E-01
3.4654393804E+00	4.2086185E-01
3.4655107561E+00	4.3212237E-01
3.4655821201E+00	4.9482352E-01
3.4656549439E+00	5.2792745E-01
3.4657262842E+00	5.4004434E-01
3.4657976128E+00	6.0155545E-01
3.4658689297E+00	6.4511530E-01
3.4659402348E+00	6.3993391E-01
3.4660115283E+00	6.0386531E-01
3.4660827952E+00	5.9568569E-01
3.4661540652E+00	5.6969946E-01
3.4662268080E+00	6.0233213E-01
3.4662980545E+00	6.2492889E-01
3.4663693189E+00	6.3749598E-01
3.4664405419E+00	7.1066983E-01
3.4665117533E+00	6.9927082E-01
3.4665829382E+00	6.7754909E-01
3.4666541262E+00	6.7083305E-01
3.4667253026E+00	6.4838851E-01
3.4667979498E+00	5.5445292E-01
3.4668691026E+00	5.9569762E-01
3.4669402437E+00	5.9887721E-01
3.4670113584E+00	5.3202146E-01
3.4670824763E+00	5.4969290E-01
3.4671535825E+00	5.7390643E-01
3.4672246770E+00	6.0719963E-01
3.4672972704E+00	5.7386713E-01
3.4673683414E+00	6.1788032E-01
3.4674394008E+00	6.3848877E-01
3.4675104486E+00	6.3752332E-01
3.4675814700E+00	6.3342350E-01
3.4676524946E+00	6.4598900E-01
3.4677235075E+00	6.1259602E-01
3.4677945089E+00	6.1241770E-01
3.4678669774E+00	6.5999737E-01
3.4679379553E+00	6.4666128E-01
3.4680089068E+00	6.0475180E-01
3.4680798615E+00	6.2509824E-01
3.4681508046E+00	6.1026894E-01
3.4682217657E+00	6.0441092E-01
3.4682926856E+00	5.7057061E-01
3.4683650711E+00	5.8657812E-01
3.4684359677E+00	5.9346671E-01
3.4685068379E+00	5.7979572E-01
3.4685777113E+00	5.5478444E-01
3.4686485731E+00	5.7531606E-01
3.4687194234E+00	6.0468095E-01
3.4687902621E+00	6.4088705E-01
3.4688610893E+00	6.7587964E-01
3.4689333653E+00	6.5098136E-01
3.4690041692E+00	6.4811596E-01
3.4690749615E+00	6.1852967E-01
3.4691457422E+00	6.6221618E-01
3.4692165409E+00	6.2165983E-01
3.4692872986E+00	6.1303954E-01
3.4693580448E+00	5.7370319E-01
3.4694302529E+00	6.3080890E-01
3.4695009611E+00	6.2897393E-01
3.4695716724E+00	6.2230083E-01
3.4696423723E+00	6.3904671E-01
3.4697130606E+00	5.7741444E-01
3.4697837375E+00	5.8637869E-01
3.4698543881E+00	5.6219773E-01
3.4699250420E+00	5.9307309E-01
3.4699971559E+00	5.6761543E-01
3.4700677865E+00	6.0683721E-01
3.4701384351E+00	6.0602766E-01
3.4702090428E+00	5.7338323E-01
3.4702796389E+00	5.8106062E-01
3.4703502237E+00	5.3685356E-01
3.4704207822E+00	5.6804435E-01
3.4704928139E+00	5.6339237E-01
3.4705633640E+00	5.3972253E-01
3.4706339026E+00	5.0185959E-01
3.4707044297E+00	5.0856715E-01
3.4707749454E+00	5.3878165E-01
3.4708454350E+00	5.2016380E-01
3.4709159278E+00	5.4928850E-01
3.4709864092E+00	5.4269948E-01
3.4710583471E+00	4.9820841E-01
3.4711288348E+00	5.7733753E-01
3.4711992816E+00	5.7064820E-01
3.4712697170E+00	5.7357280E-01
3.4713401263E+00	5.6492798E-01
3.4714105389E+00	5.4253163E-01
3.4714809401E+00	5.3908912E-01
3.4715527961E+00	5.8485707E-01
3.4716231742E+00	5.6933577E-01
3.4716935409E+00	5.8063602E-01
3.4717638816E+00	5.6945789E-01
3.4718342255E+00	5.9729689E-01
3.4719045580E+00	5.4185785E-01
3.4719748791E+00	5.5355772E-01
3.4720466828E+00	6.2211182E-01
3.4721169810E+00	5.5914748E-01
3.4721872677E+00	5.0623419E-01
3.4722575431E+00	5.4277664E-01
3.4723277924E+00	5.7154821E-01
3.4723980451E+00	5.4501827E-01
3.4724682864E+00	5.4139821E-01
3.4725399793E+00	5.4406423E-01
3.4726101976E+00	5.8194492E-01
3.4726804046E+00	5.8360159E-01
3.4727505856E+00	6.0602320E-01
3.4728207699E+00	5.9408842E-01
3.4728909428E+00	5.5621344E-01
3.4729611336E+00	4.9469959E-01
3.4730327452E+00	5.5412066E-01
3.4731028840E+00	5.4054554E-01
3.4731730113E+00	4.8148962E-01
3.4732431128E+00	5.0057040E-01
3.4733132175E+00	4.9759033E-01
3.4733833109E+00	4.6727152E-01
3.4734533931E+00	4.6109233E-01
3.4735249236E+00	4.5777711E-01
3.4735949828E+00	4.9246284E-01
3.4736650162E+00	5.3909991E-01
3.4737350529E+00	5.2745882E-01
3.4738050783E+00	5.2920417E-01
3.4738750923E+00	5.5431983E-01
3.4739451243E+00	5.7995738E-01
3.4740165739E+00	6.2786588E-01
3.4740865539E+00	6.5565097E-01
3.4741565226E+00	6.3350029E-01
3.4742264655E+00	6.3708550E-01
3.4742964117E+00	6.3661008E-01
3.4743663466E+00	6.1528010E-01
3.4744362703E+00	5.8837533E-01
3.4745076391E+00	6.1325127E-01
3.4745775400E+00	5.9676331E-01
3.4746474152E+00	5.7179357E-01
3.4747172936E+00	5.8520641E-01
3.4747871608E+00	5.7329802E-01
3.4748570459E+00	5.6683918E-01
3.4749268906E+00	5.2603549E-01
3.4749981788E+00	5.3374897E-01
3.4750680009E+00	5.3637050E-01
3.4751377971E+00	4.9867427E-01
3.4752075967E+00	5.1338940E-01
3.4752773851E+00	4.2758385E-01
3.4753471622E+00	4.4939310E-01
3.4754169282E+00	4.3308512E-01
3.4754881360E+00	4.1614912E-01
3.4755578648E+00	3.7839015E-01
3.4756275969E+00	3.2704275E-01
3.4756973178E+00	3.0818771E-01
3.4757670276E+00	3.5090338E-01
3.4758367551E+00	2.9971879E-01
3.4759078942E+00	3.5393415E-01
3.4759775701E+00	2.8974063E-01
3.4760472349E+00	2.9940887E-01
3.4761168740E+00	2.8160006E-01
3.4761865164E+00	2.5646738E-01
3.4762561476E+00	2.8749453E-01
3.4763257677E+00	3.3998477E-01
3.4763968267E+00	3.9593873E-01
3.4764664243E+00	3.8180092E-01
3.4765359962E+00	4.0718184E-01
3.4766055714E+00	4.1354292E-01
3.4766751355E+00	4.6459030E-01
3.4767447175E+00	4.3468926E-01
3.4768157080E+00	4.4413713E-01
3.4768852384E+00	4.8822196E-01
3.4769547577E+00	4.2258028E-01
3.4770242515E+00	4.2508670E-01
3.4770937485E+00	5.3717686E-01
3.4771632345E+00	5.1370603E-01
3.4772327093E+00	5.4885338E-01
3.4773036201E+00	5.8585572E-01
3.4773730725E+00	4.9983493E-01
3.4774424993E+00	5.0499470E-01
3.4775119295E+00	5.0566129E-01
3.4775813486E+00	4.6865372E-01
3.4776507566E+00	4.6213209E-01
3.4777201824E+00	4.1309721E-01
3.4777910136E+00	3.7590387E-01
3.4778603881E+00	3.0485020E-01
3.4779297516E+00	2.8138055E-01
3.4779990894E+00	2.5328676E-01
3.4780684307E+00	2.2897312E-01
3.4781377609E+00	2.5929182E-01
3.4782085241E+00	2.6210865E-01
3.4782778319E+00	2.9095334E-01
3.4783471287E+00	2.9122987E-01
3.4784164000E+00	2.8345762E-01
3.4784856747E+00	2.6089628E-01
3.4785549383E+00	2.4297848E-01
3.4786242197E+00	2.2660735E-01
3.4786949037E+00	2.2660496E-01
3.4787641340E+00	2.3718376E-01
3.4788333532E+00	1.9837867E-01
3.4789025470E+00	2.1896183E-01
3.4789717442E+00	2.5578831E-01
3.4790409303E+00	2.3276051E-01
3.4791115465E+00	2.2527741E-01
3.4791807104E+00	2.2124514E-01
3.4792498633E+00	2.2111946E-01
3.4793189907E+00	2.2179802E-01
3.4793881216E+00	2.1757283E-01
3.4794572415E+00	2.5627771E-01
3.4795277900E+00	2.6631483E-01
3.4795969164E+00	3.1037507E-01
3.4796660030E+00	2.8229018E-01
3.4797350787E+00	2.4824331E-01
3.4798041434E+00	2.4571261E-01
3.4798731827E+00	2.7909067E-01
3.4799422254E+00	2.9406261E-01
3.4800126952E+00	2.8947006E-01
3.4800817157E+00	2.8026905E-01
3.4801507253E+00	2.7885232E-01
3.4802197239E+00	3.2028294E-01
3.4802886972E+00	2.6379592E-01
3.4803576738E+00	2.4442445E-01
3.4804280763E+00	2.4629486E-01
3.4804970308E+00	1.4141039E-01
3.4805660032E+00	2.0192131E-01
3.4806349358E+00	2.1710416E-01
3.4807038575E+00	2.1699539E-01
3.4807727540E+00	2.1980669E-01
3.4808430891E+00	2.1148774E-01
3.4809119778E+00	2.3593075E-01
3.4809808556E+00	3.1116816E-01
3.4810497225E+00	2.8018613E-01
3.4811185784E+00	3.0502361E-01
3.4811874091E+00	3.5327402E-01
3.4812576771E+00	2.9913928E-01
3.4813265001E+00	3.0994713E-01
3.4813953122E+00	2.9585849E-01
3.4814641420E+00	3.0237453E-01
3.4815329323E+00	2.8665231E-01
3.4816017117E+00	3.0470967E-01
3.4816719127E+00	3.6635087E-01
3.4817406558E+00	3.6502846E-01
3.4818094023E+00	3.6129326E-01
3.4818781379E+00	3.4000171E-01
3.4819468626E+00	3.2270220E-01
3.4820155765E+00	3.5236661E-01
3.4820857106E+00	3.5861181E-01
3.4821543882E+00	3.6115242E-01
3.4822230693E+00	3.5208646E-01
3.4822917394E+00	3.4671895E-01
3.4823603987E+00	3.2454393E-01
3.4824290758E+00	3.3075654E-01
3.4824991433E+00	2.9186743E-01
3.4825677698E+00	2.6359586E-01
3.4826363855E+00	2.4516158E-01
3.4827049761E+00	3.0943841E-01
3.4827735701E+00	3.4036709E-01
3.4828421533E+00	3.2319071E-01
3.4829121541E+00	3.0893409E-01
3.4829807154E+00	3.1832659E-01
3.4830492659E+00	3.0231954E-01
3.4831177913E+00	2.9707602E-01
3.4831863202E+00	3.1549437E-01
3.4832548382E+00	3.3420009E-01
3.4833247726E+00	3.4292951E-01
3.4833932973E+00	3.0330594E-01
3.4834617827E+00	3.0722020E-01
3.4835302573E+00	2.7457186E-01
3.4835987069E+00	2.8882955E-01
3.4836671599E+00	2.9376597E-01
3.4837370279E+00	3.0460475E-01
3.4838054591E+00	2.9621131E-01
3.4838738795E+00	2.9436039E-01
3.4839422892E+00	2.9315471E-01
3.4840106738E+00	3.3234075E-01
3.4840790620E+00	2.7645225E-01
3.4841488637E+00	3.1159025E-01
3.4842172301E+00	2.9859249E-01
3.4842856142E+00	2.6455233E-01
3.4843539590E+00	2.7854123E-01
3.4844222931E+00	3.0728930E-01
3.4844906165E+00	3.1250588E-01
3.4845603379E+00	2.6092614E-01
3.4846286395E+00	2.2243609E-01
3.4846969304E+00	2.1505762E-01
3.4847652106E+00	2.6010651E-01
3.4848334800E+00	2.7902862E-01
3.4849017387E+00	2.2335971E-01
3.4849713941E+00	2.7207861E-01
3.4850396312E+00	2.6957905E-01
3.4851078574E+00	3.0503593E-01
3.4851760730E+00	3.1053445E-01
3.4852443063E+00	3.2589170E-01
3.4853139211E+00	3.3175204E-01
3.4853821043E+00	3.5647036E-01
3.4854502768E+00	3.3642954E-01
3.4855184244E+00	3.2428742E-01
3.4855865756E+00	2.8410061E-01
3.4856547160E+00	2.2601673E-01
3.4857242650E+00	2.7174735E-01
3.4857923838E+00	3.2409094E-01
3.4858604920E+00	3.6236044E-01
3.4859285753E+00	3.9610192E-01
3.4859966621E+00	3.8101306E-01
3.4860647382E+00	3.2400851E-01
3.4861342216E+00	2.8323708E-01
3.4862023045E+00	3.4134492E-01
3.4862703484E+00	3.3902281E-01
3.4863383817E+00	3.8487435E-01
3.4864063901E+00	3.4834656E-01
3.4864758188E+00	3.9471683E-01
3.4865438199E+00	3.5837782E-01
3.4866118103E+00	3.3583778E-01
3.4866797901E+00	2.8236530E-01
3.4867477592E+00	2.8078061E-01
3.4868157036E+00	2.4717808E-01
3.4868850669E+00	2.8521037E-01
3.4869530039E+00	2.7952461E-01
3.4870209303E+00	2.6267300E-01
3.4870888744E+00	2.3889127E-01
3.4871567796E+00	3.1577763E-01
3.4872260884E+00	3.2912494E-01
3.4872939721E+00	3.1713869E-01
3.4873618311E+00	3.3680650E-01
3.4874296936E+00	3.2957538E-01
3.4874975455E+00	3.5616503E-01
3.4875668000E+00	3.7752750E-01
3.4876346305E+00	3.8255128E-01
3.4877024504E+00	3.9501286E-01
3.4877702455E+00	3.6737641E-01
3.4878380442E+00	3.7862301E-01
3.4879058324E+00	4.1019599E-01
3.4879750218E+00	4.1961948E-01
3.4880428168E+00	4.5800997E-01
3.4881105730E+00	4.7260915E-01
3.4881783186E+00	4.2083861E-01
3.4882460536E+00	3.9047848E-01
3.4883151748E+00	3.1795121E-01
3.4883828885E+00	3.4929288E-01
3.4884505916E+00	3.3400720E-01
3.4885182842E+00	3.1062743E-01
3.4885859662E+00	3.0992305E-01
3.4886536377E+00	2.3173493E-01
3.4887226941E+00	2.0044242E-01
3.4887903443E+00	1.7233221E-01
3.4888579839E+00	2.2669104E-01
3.4888917998E+00	2.6300956E-01
3.4889552257E+00	2.2523729E-01
3.4890171915E+00	2.0781221E-01
3.4890805708E+00	1.9932187E-01
3.4891425187E+00	1.3427070E-01
3.4892059080E+00	1.6942413E-01
3.4892692598E+00	1.5434957E-01
3.4893311808E+00	2.2401445E-01
3.4893945144E+00	2.2079446E-01
3.4894564176E+00	2.5841564E-01
3.4895197610E+00	2.0041191E-01
3.4895830530E+00	2.9767781E-01
3.4896449434E+00	3.4408730E-01
3.4897082172E+00	2.4461856E-01
3.4897700897E+00	1.6407884E-01
3.4898333874E+00	1.9308116E-01
3.4898952280E+00	2.7328828E-01
3.4899584794E+00	3.0552836E-01
3.4900217075E+00	1.4622714E-01
3.4900835635E+00	1.0956315E-01
3.4901467875E+00	1.4491098E-01
3.4902085835E+00	1.7618111E-01
3.4902717893E+00	1.4289866E-01
3.4903335675E+00	1.4013589E-01
3.4903967832E+00	2.0365367E-01
3.4904599475E+00	2.7763159E-01
3.4905217130E+00	2.7726286E-01
3.4905848592E+00	3.0033272E-01
3.4906466350E+00	2.9727463E-01
3.4907097771E+00	3.1465596E-01
3.4907728959E+00	2.2721819E-01
3.4908346169E+00	1.6841803E-01
3.4908977176E+00	3.2714822E-01
3.4909594490E+00	3.1773850E-01
3.4910225315E+00	3.1454676E-01
3.4910842171E+00	2.1641598E-01
3.4911472816E+00	2.1452314E-01
3.4912103509E+00	1.8341585E-01
3.4912720378E+00	3.2284931E-01
3.4913350750E+00	3.5851319E-01
3.4913967162E+00	2.9785048E-01
3.4914597353E+00	3.4013011E-01
3.4915213868E+00	3.4504449E-01
3.4915844018E+00	2.4133159E-01
3.4916473936E+00	2.3394402E-01
3.4917089905E+00	3.6552564E-01
3.4917719643E+00	3.3189527E-01
3.4918335715E+00	3.0863372E-01
3.4918965273E+00	3.1557983E-01
3.4919580888E+00	3.2282794E-01
3.4920210265E+00	3.1733545E-01
3.4920839691E+00	2.8227251E-01
3.4921455320E+00	3.7686350E-01
3.4922084426E+00	4.2234322E-01
3.4922699599E+00	3.9443027E-01
3.4923328524E+00	3.0636023E-01
3.4923943801E+00	3.7662482E-01
3.4924572546E+00	4.2832410E-01
3.4925201340E+00	3.2295303E-01
3.4925815933E+00	4.0351888E-01
3.4926444546E+00	4.3569258E-01
3.4927059382E+00	3.2369703E-01
3.4927687676E+00	2.9474239E-01
3.4928316019E+00	3.6333910E-01
3.4928930171E+00	4.0029898E-01
3.4929558613E+00	3.6857483E-01
3.4930172729E+00	3.1050753E-01
3.4930800573E+00	2.6491472E-01
3.4931414514E+00	2.4430781E-01
3.4932042178E+00	3.2587535E-01
3.4932670170E+00	4.4143540E-01
3.4933283707E+00	4.4747705E-01
3.4933911241E+00	4.1938080E-01
3.4934524602E+00	4.3641090E-01
3.4935151956E+00	4.8234086E-01
3.4935765561E+00	5.6488527E-01
3.4936392597E+00	6.2472505E-01
3.4937019681E+00	5.1805599E-01
3.4937632604E+00	4.5991580E-01
3.4938259788E+00	4.4402396E-01
3.4938872536E+00	4.1967611E-01
3.4939499263E+00	4.4123574E-01
3.4940111836E+00	3.5963756E-01
3.4940738384E+00	2.8475968E-01
3.4941365120E+00	3.4762895E-01
3.4941977429E+00	4.3791471E-01
3.4942603708E+00	4.1108734E-01
3.4943215843E+00	3.5404823E-01
3.4943842222E+00	3.3347093E-01
3.4944468232E+00	3.0772688E-01
3.4945080104E+00	3.0158431E-01
3.4945705936E+00	3.2249206E-01
3.4946317634E+00	3.5326160E-01
3.4946943565E+00	3.1520175E-01
3.4947555089E+00	3.2967485E-01
3.4948180564E+00	3.3950418E-01
3.4948805810E+00	2.6643910E-01
3.4949417211E+00	3.2379230E-01
3.4950042696E+00	3.8685839E-01
3.4950653783E+00	3.3361259E-01
3.4951278812E+00	2.6963211E-01
3.4951889726E+00	2.9191826E-01
3.4952514855E+00	4.1429811E-01
3.4953139616E+00	4.2566317E-01
3.4953750268E+00	3.8919126E-01
3.4954374852E+00	4.1333774E-01
3.4954985330E+00	3.5386761E-01
3.4955610014E+00	3.7659954E-01
3.4956234191E+00	4.2230603E-01
3.4956844547E+00	3.6418463E-01
3.4957468547E+00	4.1806812E-01
3.4958079007E+00	4.3030674E-01
3.4958702968E+00	3.3749773E-01
3.4959312838E+00	3.3286876E-01
3.4959936623E+00	4.3920412E-01
3.4960560179E+00	4.8339104E-01
3.4961170204E+00	3.6362873E-01
3.4961793583E+00	3.4378931E-01
3.4962403158E+00	3.5796766E-01
3.4963026360E+00	3.6089875E-01
3.4963635762E+00	3.6923234E-01
3.4964259202E+00	3.4153988E-01
3.4964882138E+00	4.1572656E-01
3.4965491280E+00	3.8268356E-01
3.4966114039E+00	3.9939784E-01
3.4966723284E+00	4.1953652E-01
3.4967346005E+00	3.5382607E-01
3.4967954663E+00	2.3482062E-01
3.4968577207E+00	2.5037554E-01
3.4969199524E+00	2.3687000E-01
3.4969808337E+00	2.3602164E-01
3.4970430477E+00	2.5411867E-01
3.4971038842E+00	2.6675564E-01
3.4971660806E+00	2.9787977E-01
3.4972269274E+00	2.9863879E-01
3.4972891200E+00	2.8875248E-01
3.4973512899E+00	2.8011996E-01
3.4974120831E+00	2.4934032E-01
3.4974742354E+00	3.0135376E-01
3.4975350391E+00	2.9747601E-01
3.4975971738E+00	3.5096320E-01
3.4976593134E+00	3.1897192E-01
3.4977200497E+00	2.4846613E-01
3.4977821718E+00	2.5986634E-01
3.4978429323E+00	2.9304884E-01
3.4979050230E+00	3.1228151E-01
3.4979657388E+00	2.8713954E-01
3.4980278119E+00	2.7648603E-01
3.4980899175E+00	3.4683824E-01
3.4981506075E+00	3.1251038E-01
3.4982126542E+00	3.0931060E-01
3.4982733270E+00	2.7648081E-01
3.4983353561E+00	2.6809466E-01
3.4983960393E+00	3.6767532E-01
3.4984580510E+00	3.8652716E-01
3.4985200676E+00	3.1238745E-01
3.4985806837E+00	3.3780321E-01
3.4986426827E+00	3.4055020E-01
3.4987033230E+00	3.1059944E-01
3.4987652908E+00	3.6659933E-01
3.4988258865E+00	3.3556325E-01
3.4988878368E+00	3.1564092E-01
3.4989498195E+00	4.0117600E-01
3.4990103757E+00	3.9444003E-01
3.4990723134E+00	3.5675986E-01
3.4991328525E+00	3.4983490E-01
3.4991947728E+00	2.7444308E-01
3.4992567118E+00	2.5039741E-01
3.4993172251E+00	2.7463317E-01
3.4993791191E+00	2.9756352E-01
3.4994396155E+00	2.6670724E-01
3.4995015195E+00	3.7440423E-01
3.4995620125E+00	4.0312086E-01
3.4996238579E+00	4.0537242E-01
3.4996857083E+00	3.7509249E-01
3.4997461619E+00	3.5365031E-01
3.4998080223E+00	4.8380471E-01
3.4998684589E+00	4.8427935E-01
3.4999302744E+00	5.1064420E-01
3.4999906940E+00	4.8999532E-01
3.5000524921E+00	5.1442634E-01
3.5001143089E+00	4.7322867E-01
3.5001747029E+00	4.9018719E-01
3.5002364748E+00	5.2105665E-01
3.5002968518E+00	4.3864746E-01
3.5003586339E+00	4.2892353E-01
3.5004203796E+00	4.4517801E-01
3.5004807311E+00	3.4494419E-01
3.5005424595E+00	4.3105698E-01
3.5006027940E+00	4.7248461E-01
3.5006645325E+00	4.5217469E-01
3.5007248501E+00	4.3705730E-01
3.5007865438E+00	4.1781215E-01
3.5008482151E+00	4.4048382E-01
3.5009085482E+00	4.6695139E-01
3.5009702159E+00	4.6975668E-01
3.5010304910E+00	4.5222232E-01
3.5010921413E+00	4.7907374E-01
3.5011523995E+00	4.3757166E-01
3.5012140599E+00	3.7112794E-01
3.5012756705E+00	3.3669416E-01
3.5013359169E+00	3.2926096E-01
3.5013975103E+00	2.3293259E-01
3.5014577398E+00	2.5561996E-01
3.5015193569E+00	3.2038310E-01
3.5015795558E+00	2.9037363E-01
3.5016411283E+00	3.2317666E-01
3.5017026783E+00	3.6823698E-01
3.5017628929E+00	3.6822164E-01
3.5018244393E+00	3.6842479E-01
3.5018845960E+00	4.2424433E-01
3.5019461252E+00	5.0041273E-01
3.5020076321E+00	4.7067249E-01
3.5020678044E+00	4.8553484E-01
3.5021292940E+00	5.0842956E-01
3.5021894221E+00	5.4126815E-01
3.5022508945E+00	5.3903092E-01
3.5023110331E+00	5.2152054E-01
3.5023725020E+00	6.1529719E-01
3.5024339485E+00	5.8507250E-01
3.5024940344E+00	6.0248415E-01
3.5025554637E+00	6.1330186E-01
3.5026155602E+00	5.8149048E-01
3.5026769723E+00	6.1699557E-01
3.5027370246E+00	6.7804458E-01
3.5027984196E+00	6.7557863E-01
3.5028598195E+00	7.1069478E-01
3.5029198738E+00	6.5830062E-01
3.5029812429E+00	6.1759721E-01
3.5030412532E+00	6.1050818E-01
3.5031026052E+00	5.5346638E-01
3.5031626260E+00	5.3876004E-01
3.5032239744E+00	5.9228898E-01
3.5032853006E+00	6.6261343E-01
3.5033452688E+00	6.6537363E-01
3.5034065779E+00	6.3276393E-01
3.5034665567E+00	5.8086564E-01
3.5035278486E+00	5.9758772E-01
3.5035877834E+00	5.0813702E-01
3.5036490582E+00	4.6792384E-01
3.5037103380E+00	4.9124513E-01
3.5037702748E+00	5.0052736E-01
3.5038315239E+00	5.2383667E-01
3.5038914168E+00	5.7509447E-01
3.5039526488E+00	6.3980715E-01
3.5040139129E+00	6.7550124E-01
3.5040737671E+00	6.9341394E-01
3.5041349870E+00	7.4221054E-01
3.5041948245E+00	7.4029632E-01
3.5042560273E+00	7.1106091E-01
3.5043158889E+00	6.6813900E-01
3.5043770611E+00	6.2885908E-01
3.5044382382E+00	6.4913128E-01
3.5044980339E+00	6.2603740E-01
3.5045592212E+00	6.0085293E-01
3.5046190139E+00	5.3802001E-01
3.5046801434E+00	4.8499456E-01
3.5047399194E+00	4.4827865E-01
3.5048010318E+00	4.4243998E-01
3.5048621765E+00	4.2544250E-01
3.5049219138E+00	4.2368129E-01
3.5049830143E+00	3.6577564E-01
3.5050427351E+00	2.6844582E-01
3.5051038185E+00	2.2539536E-01
3.5051649205E+00	2.6657923E-01
3.5052246163E+00	3.1030534E-01
3.5052856741E+00	2.5371135E-01
3.5053453533E+00	2.9310989E-01
3.5054064213E+00	3.4649383E-01
3.5054660839E+00	3.1239127E-01
3.5055271079E+00	2.9416777E-01
3.5055881232E+00	3.2244872E-01
3.5056477608E+00	3.3904232E-01
3.5057087864E+00	3.2142915E-01
3.5057684074E+00	3.2240462E-01
3.5058293889E+00	3.0063314E-01
3.5058889934E+00	2.6695858E-01
3.5059499851E+00	2.8363877E-01
3.5060109410E+00	3.3144257E-01
3.5060705206E+00	3.6659153E-01
3.5061314597E+00	4.1365085E-01
3.5061910228E+00	4.5604927E-01
3.5062519720E+00	4.9160930E-01
3.5063115185E+00	5.4458909E-01
3.5063724238E+00	5.7021585E-01
3.5064333070E+00	5.9635728E-01
3.5064928422E+00	5.8798383E-01
3.5065537491E+00	5.5736309E-01
3.5066132543E+00	5.6825080E-01
3.5066741173E+00	5.7518282E-01
3.5067349582E+00	5.4871825E-01
3.5067944791E+00	5.3891617E-01
3.5068553167E+00	5.7582968E-01
3.5069147806E+00	5.7091027E-01
3.5069756013E+00	5.2587257E-01
3.5070350487E+00	4.8683785E-01
3.5070958796E+00	4.1818277E-01
3.5071566615E+00	3.8502407E-01
3.5072160976E+00	3.4856280E-01
3.5072768627E+00	2.8223187E-01
3.5073363094E+00	3.5460000E-01
3.5073970711E+00	4.0237915E-01
3.5074564609E+00	3.6729173E-01
3.5075172058E+00	3.6038397E-01
3.5075779287E+00	3.2320385E-01
3.5076373342E+00	2.7266756E-01
3.5076980404E+00	3.4479230E-01
3.5077574025E+00	3.3476665E-01
3.5078180918E+00	2.4319197E-01
3.5078774375E+00	3.0123135E-01
3.5079381506E+00	3.1922927E-01
3.5079988147E+00	3.0248763E-01
3.5080581357E+00	3.6695967E-01
3.5081187830E+00	3.7656603E-01
3.5081781146E+00	4.1602588E-01
3.5082387587E+00	4.6594480E-01
3.5082980335E+00	4.6319457E-01
3.5083586608E+00	4.7830959E-01
3.5084192662E+00	4.6412473E-01
3.5084785567E+00	4.8441681E-01
3.5085391454E+00	5.9972709E-01
3.5085983927E+00	6.1234492E-01
3.5086589646E+00	5.8060521E-01
3.5087195416E+00	6.2951941E-01
3.5087787912E+00	6.5030023E-01
3.5088393380E+00	6.1998523E-01
3.5088985443E+00	5.9075213E-01
3.5089590744E+00	6.0110125E-01
3.5090182913E+00	5.7993801E-01
3.5090788047E+00	5.7132362E-01
3.5091393232E+00	5.9819932E-01
3.5091984752E+00	5.5063840E-01
3.5092589769E+00	4.8817668E-01
3.5093181530E+00	5.1717091E-01
3.5093786246E+00	4.9576313E-01
3.5094377575E+00	5.0335147E-01
3.5094982125E+00	5.3040587E-01
3.5095586994E+00	5.4145945E-01
3.5096178077E+00	5.7041310E-01
3.5096782377E+00	5.6630222E-01
3.5097373298E+00	5.1333451E-01
3.5097977431E+00	5.7877961E-01
3.5098581883E+00	5.3542700E-01
3.5099172425E+00	4.8900799E-01
3.5099776442E+00	4.7428272E-01
3.5100366821E+00	5.3620426E-01
3.5100970672E+00	5.4174378E-01
3.5101561292E+00	5.2270416E-01
3.5102164843E+00	4.3941507E-01
3.5102768444E+00	4.0761394E-01
3.5103358417E+00	5.1254891E-01
3.5103962121E+00	5.5967652E-01
3.5106347953E+00	4.4204175E-01
3.5106951242E+00	4.7405126E-01
3.5107540646E+00	5.1911523E-01
3.5108143501E+00	5.7907697E-01
3.5108732744E+00	5.4095513E-01
3.5109335701E+00	4.7390006E-01
3.5109938307E+00	5.3526454E-01
3.5110527306E+00	5.9716070E-01
3.5111129746E+00	5.4926203E-01
3.5111718584E+00	5.3281588E-01
3.5112321127E+00	6.3541157E-01
3.5112909804E+00	6.1576212E-01
3.5113511914E+00	5.3221092E-01
3.5114113806E+00	5.8650172E-01
3.5114702374E+00	6.0185972E-01
3.5115304502E+00	5.9274048E-01
3.5115892775E+00	6.2914906E-01
3.5116494471E+00	6.4867002E-01
3.5117082582E+00	5.8474294E-01
3.5117684381E+00	5.3380497E-01
3.5118285830E+00	5.5007505E-01
3.5118873698E+00	5.8272169E-01
3.5119474982E+00	5.7164033E-01
3.5120062690E+00	5.5023891E-01
3.5120664076E+00	5.6956994E-01
3.5121251623E+00	5.9508870E-01
3.5121852577E+00	5.8413016E-01
3.5122453315E+00	6.2919259E-01
3.5123041020E+00	5.7929258E-01
3.5123641727E+00	6.0639942E-01
3.5124228872E+00	6.4630230E-01
3.5124829414E+00	7.0978821E-01
3.5125416398E+00	7.8684690E-01
3.5126017043E+00	7.4077419E-01
3.5126617205E+00	7.2668710E-01
3.5127204081E+00	7.9167099E-01
3.5127804079E+00	7.3766749E-01
3.5128390794E+00	6.5785465E-01
3.5128991028E+00	6.4004469E-01
3.5129577450E+00	6.5670084E-01
3.5130177253E+00	6.5676974E-01
3.5130776841E+00	6.1590941E-01
3.5131363421E+00	5.4373575E-01
3.5131962978E+00	5.0811427E-01
3.5132548998E+00	5.1476865E-01
3.5133148392E+00	4.7704510E-01
3.5133734252E+00	4.9229772E-01
3.5134333748E+00	4.5678085E-01
3.5134932762E+00	4.0879020E-01
3.5135518515E+00	4.4305468E-01
3.5136117366E+00	4.2387697E-01
3.5136703225E+00	4.4776946E-01
3.5137302045E+00	5.3391595E-01
3.5137900650E+00	4.9551289E-01
3.5138486003E+00	4.9984587E-01
3.5139084445E+00	5.1991847E-01
3.5139669904E+00	4.7952269E-01
3.5140268182E+00	4.6512711E-01
3.5140853216E+00	4.8615541E-01
3.5141451332E+00	4.9287655E-01
3.5142049498E+00	5.0261062E-01
3.5142634557E+00	4.6999684E-01
3.5143232428E+00	5.3141711E-01
3.5143817062E+00	5.5291241E-01
3.5144414770E+00	5.0889679E-01
3.5145012793E+00	4.7614140E-01
3.5145597188E+00	4.6739017E-01
3.5146194651E+00	4.4534580E-01
3.5146778887E+00	5.1035981E-01
3.5147376187E+00	5.7387296E-01
3.5147960530E+00	5.3266631E-01
3.5148557667E+00	5.0695429E-01
3.5149154855E+00	5.2464153E-01
3.5149738561E+00	5.8577246E-01
3.5150335586E+00	6.4632811E-01
3.5150919531E+00	6.8814367E-01
3.5151516262E+00	6.7009365E-01
3.5152099782E+00	6.6193099E-01
3.5152696351E+00	6.9100859E-01
3.5153293236E+00	7.3947010E-01
3.5153876385E+00	7.9645541E-01
3.5154472842E+00	7.9750528E-01
3.5155055833E+00	7.9672997E-01
3.5155652129E+00	8.0862772E-01
3.5156248607E+00	6.8906280E-01
3.5156831360E+00	6.8046888E-01
3.5157427411E+00	7.6170970E-01
3.5158010006E+00	7.3932953E-01
3.5158606161E+00	6.6597307E-01
3.5159188729E+00	6.6644864E-01
3.5159784325E+00	7.0120371E-01
3.5160379972E+00	6.3761326E-01
3.5160962170E+00	6.0680308E-01
3.5161557920E+00	6.1862587E-01
3.5162139961E+00	5.7328230E-01
3.5162735284E+00	5.0296163E-01
3.5163317167E+00	4.6287274E-01
3.5163912330E+00	4.7396262E-01
3.5164507675E+00	5.1775970E-01
3.5165089320E+00	5.5248188E-01
3.5165684240E+00	5.3475578E-01
3.5166265728E+00	5.2842983E-01
3.5166860750E+00	5.3268073E-01
3.5167442081E+00	4.8382117E-01
3.5168036678E+00	4.1027420E-01
3.5168631194E+00	5.2387154E-01
3.5169212288E+00	5.5865046E-01
3.5169806907E+00	4.4530757E-01
3.5170387843E+00	4.4992103E-01
3.5170982037E+00	4.9388570E-01
3.5171562816E+00	5.3006175E-01
3.5172157114E+00	5.2765077E-01
3.5172751066E+00	5.0581366E-01
3.5173331608E+00	5.4493775E-01
3.5173925400E+00	5.4817498E-01
3.5174505786E+00	4.7164144E-01
3.5175099680E+00	4.3583955E-01
3.5175679909E+00	4.4001470E-01
3.5176273380E+00	4.5738877E-01
3.5176866637E+00	4.7260555E-01
3.5177446762E+00	4.8488579E-01
3.5178040255E+00	5.3812622E-01
3.5178620091E+00	5.8575205E-01
3.5179213160E+00	6.1095861E-01
3.5179792839E+00	6.5874998E-01
3.5180386012E+00	6.3901494E-01
3.5180978839E+00	5.4342562E-01
3.5181558283E+00	4.8577175E-01
3.5182150951E+00	4.3886610E-01
3.5182730239E+00	3.9379613E-01
3.5183323010E+00	3.6743617E-01
3.5183915305E+00	3.8433992E-01
3.5184494489E+00	4.3587426E-01
3.5185086625E+00	4.7361856E-01
3.5185665916E+00	4.7370395E-01
3.5186258024E+00	4.2644799E-01
3.5186836764E+00	4.2194284E-01
3.5187428712E+00	4.6209298E-01
3.5188020447E+00	4.6501012E-01
3.5188599347E+00	4.9833312E-01
3.5189190924E+00	5.0909210E-01
3.5189769404E+00	5.1804797E-01
3.5190360821E+00	5.1121523E-01
3.5190939146E+00	5.0259090E-01
3.5191530798E+00	4.9531519E-01
3.5192121976E+00	4.2035089E-01
3.5192700066E+00	4.1636684E-01
3.5193291084E+00	4.4459545E-01
3.5193869282E+00	4.3967786E-01
3.5194460272E+00	4.1592860E-01
3.5195051051E+00	3.9570648E-01
3.5195628752E+00	3.9870104E-01
3.5196219371E+00	3.7868682E-01
3.5196797179E+00	4.1365910E-01
3.5197387640E+00	4.4342211E-01
3.5197965030E+00	3.9190947E-01
3.5198555332E+00	4.2422126E-01
3.5199145685E+00	4.6806018E-01
3.5199723104E+00	3.9571663E-01
3.5200313167E+00	4.3872218E-01
3.5200890168E+00	4.9351298E-01
3.5201480073E+00	4.2575973E-01
3.5202070291E+00	4.5548759E-01
3.5202646928E+00	4.3527473E-01
3.5203236725E+00	4.1294304E-01
3.5203813207E+00	4.5301112E-01
3.5204402846E+00	4.5060132E-01
3.5204979566E+00	4.2876366E-01
3.5205568915E+00	4.2786383E-01
3.5206158316E+00	4.2965772E-01
3.5206734410E+00	4.0821624E-01
3.5207323914E+00	3.0873405E-01
3.5207899985E+00	2.8190720E-01
3.5208488938E+00	3.4205831E-01
3.5209064854E+00	3.6712512E-01
3.5209653650E+00	3.7542842E-01
3.5210242758E+00	4.2908178E-01
3.5210818311E+00	3.9033764E-01
3.5211406999E+00	3.6260475E-01
3.5211982398E+00	3.9534448E-01
3.5212570929E+00	4.2626375E-01
3.5213146565E+00	4.1189239E-01
3.5213734808E+00	3.9179008E-01
3.5214323101E+00	4.3369656E-01
3.5214898113E+00	4.6435295E-01
3.5215486511E+00	4.4505124E-01
3.5216061369E+00	4.2042704E-01
3.5216649347E+00	4.0580112E-01
3.5217224052E+00	4.3167519E-01
3.5217811873E+00	4.0012193E-01
3.5218399875E+00	3.7800875E-01
3.5218974348E+00	3.8594828E-01
3.5219561932E+00	3.9256450E-01
3.5220136251E+00	4.1930933E-01
3.5220723939E+00	4.4071232E-01
3.5221298235E+00	3.7286664E-01
3.5221885375E+00	3.4021732E-01
3.5222472565E+00	3.3532443E-01
3.5223046500E+00	3.9007480E-01
3.5223633794E+00	4.4298636E-01
3.5224207575E+00	3.6217558E-01
3.5224794451E+00	3.3771306E-01
3.5225381118E+00	3.8820071E-01
3.5225954799E+00	3.7164801E-01
3.5226541700E+00	3.2172252E-01
3.5227115097E+00	3.2233411E-01
3.5227701581E+00	3.3585837E-01
3.5228274825E+00	3.8608669E-01
3.5228861413E+00	3.8796710E-01
3.5229447661E+00	4.0332354E-01
3.5230020674E+00	4.4366101E-01
3.5230606766E+00	4.2075434E-01
3.5231179626E+00	4.3793828E-01
3.5231765822E+00	4.6086536E-01
3.5232338529E+00	4.4210990E-01
3.5232924308E+00	4.6357863E-01
3.5233509878E+00	4.5338429E-01
3.5234082746E+00	3.5411811E-01
3.5234668290E+00	3.4388739E-01
3.5235240615E+00	4.1041514E-01
3.5235826003E+00	4.6844430E-01
3.5236398175E+00	4.8847648E-01
3.5236983667E+00	4.1649736E-01
3.5237568690E+00	3.6046123E-01
3.5238140763E+00	3.7081025E-01
3.5238725629E+00	3.6059250E-01
3.5239297550E+00	3.1009541E-01
3.5239882651E+00	3.4821008E-01
3.5240467283E+00	3.7879839E-01
3.5241038975E+00	4.0090052E-01
3.5241623451E+00	3.6125487E-01
3.5242195250E+00	3.0162960E-01
3.5242779701E+00	2.9698858E-01
3.5243350959E+00	3.2085529E-01
3.5243935254E+00	3.1240543E-01
3.5244519341E+00	3.2984289E-01
3.5245090759E+00	3.2089539E-01
3.5245674691E+00	4.0306862E-01
3.5246245697E+00	3.5021280E-01
3.5246829474E+00	3.0664384E-01
3.5247400588E+00	2.9468638E-01
3.5247984339E+00	3.3473968E-01
3.5248567881E+00	3.5446554E-01
3.5249138507E+00	3.5701015E-01
3.5249721895E+00	3.8994273E-01
3.5250292629E+00	3.4803818E-01
3.5250875862E+00	3.2642725E-01
3.5251459146E+00	3.3051421E-01
3.5252029263E+00	3.1172233E-01
3.5252612392E+00	3.3176014E-01
3.5253182746E+00	3.3186004E-01
3.5253765591E+00	3.1760434E-01
3.5254335534E+00	3.3099974E-01
3.5254918224E+00	3.3408686E-01
3.5255501225E+00	2.5804137E-01
3.5256070941E+00	3.0067191E-01
3.5256653398E+00	3.1262511E-01
3.5257222963E+00	2.8262519E-01
3.5257805266E+00	2.9186996E-01
3.5258374938E+00	2.9158702E-01
3.5258957087E+00	3.0324464E-01
3.5259539286E+00	3.0977985E-01
3.5262991938E+00	3.1614479E-01
3.5263573855E+00	3.8220670E-01
3.5264142384E+00	3.7619402E-01
3.5264723889E+00	3.2005649E-01
3.5265292268E+00	3.2340546E-01
3.5265873619E+00	3.2645339E-01
3.5266442234E+00	2.9520657E-01
3.5267023302E+00	3.5564649E-01
3.5267604422E+00	3.6665119E-01
3.5268172423E+00	2.8789847E-01
3.5268753647E+00	2.9710074E-01
3.5269321627E+00	2.8679486E-01
3.5269902310E+00	2.2119363E-01
3.5270483045E+00	2.0551005E-01
3.5271050670E+00	2.3661846E-01
3.5271631509E+00	2.5588900E-01
3.5272198984E+00	2.9082608E-01
3.5272779411E+00	3.7129764E-01
3.5273346736E+00	4.1152164E-01
3.5273927010E+00	3.6527268E-01
3.5274507464E+00	2.9120725E-01
3.5275074564E+00	2.3305320E-01
3.5275654607E+00	2.9555408E-01
3.5276221557E+00	3.4255444E-01
3.5276801704E+00	2.9233177E-01
3.5277368504E+00	3.1026064E-01
3.5277948241E+00	3.4965228E-01
3.5278527901E+00	3.7282789E-01
3.5279094476E+00	3.4379389E-01
3.5279674240E+00	3.3870554E-01
3.5280240665E+00	3.3451951E-01
3.5280820019E+00	3.1511235E-01
3.5281386294E+00	3.1840567E-01
3.5281965753E+00	2.9624547E-01
3.5282544876E+00	2.7700147E-01
3.5283110927E+00	3.1782649E-01
3.5283689898E+00	3.2927105E-01
3.5284255800E+00	3.1887469E-01
3.5284834875E+00	3.1403260E-01
3.5285413488E+00	3.3429964E-01
3.5285979294E+00	3.8704471E-01
3.5286557754E+00	3.7058679E-01
3.5287123411E+00	3.6651327E-01
3.5287702104E+00	3.6506543E-01
3.5288267483E+00	3.6267431E-01
3.5288845767E+00	4.2996709E-01
3.5289423846E+00	4.1406884E-01
3.5289989386E+00	3.4086068E-01
3.5290567441E+00	3.1830671E-01
3.5291132447E+00	2.7529667E-01
3.5291710350E+00	2.7549049E-01
3.5292275207E+00	2.9704023E-01
3.5292853215E+00	2.9504747E-01
3.5293430760E+00	2.9269038E-01
3.5293995522E+00	2.7434629E-01
3.5294572916E+00	2.7105788E-01
3.5295137786E+00	2.9453834E-01
3.5295715156E+00	2.9899536E-01
3.5296292321E+00	2.9940617E-01
3.5296856712E+00	2.9425135E-01
3.5297433725E+00	2.8111673E-01
3.5297998223E+00	2.4920629E-01
3.5298575085E+00	2.3085373E-01
3.5299139179E+00	2.3738156E-01
3.5299715889E+00	2.9101951E-01
3.5300292650E+00	3.3171229E-01
3.5300856777E+00	3.3611262E-01
3.5301433259E+00	3.5197778E-01
3.5301996982E+00	3.5490483E-01
3.5302573313E+00	3.1774347E-01
3.5303137144E+00	3.2324015E-01
3.5303713451E+00	3.4401093E-01
3.5304289554E+00	3.5840492E-01
3.5304852906E+00	3.7268602E-01
3.5305428858E+00	4.0745896E-01
3.5305992318E+00	4.7098314E-01
3.5306568119E+00	4.3312643E-01
3.5307131176E+00	3.9574078E-01
3.5307706826E+00	4.2826167E-01
3.5308282527E+00	4.0315893E-01
3.5308845617E+00	3.7662787E-01
3.5309421040E+00	3.7415383E-01
3.5309983727E+00	3.2362040E-01
3.5310558999E+00	3.1502061E-01
3.5311134578E+00	3.5040446E-01
3.5311696915E+00	3.6301915E-01
3.5312272088E+00	3.9293189E-01
3.5312834278E+00	3.8875729E-01
3.5313409300E+00	3.8266185E-01
3.5313971726E+00	3.7357457E-01
3.5314546470E+00	3.6771812E-01
3.5315121265E+00	4.3782164E-01
3.5315683086E+00	4.3860858E-01
3.5316257987E+00	4.2449072E-01
3.5316819789E+00	4.9310536E-01
3.5317394156E+00	5.0404837E-01
3.5317955811E+00	4.7893343E-01
3.5318530028E+00	4.6286804E-01
3.5319104552E+00	4.3257794E-01
3.5319665858E+00	3.9525306E-01
3.5320239976E+00	3.4852740E-01
3.5320801135E+00	3.3951252E-01
3.5321375104E+00	3.6056120E-01
3.5321936499E+00	3.7934817E-01
3.5322510190E+00	4.0582506E-01
3.5323083933E+00	4.5453947E-01
3.5323644725E+00	4.7482933E-01
3.5324218572E+00	4.7897945E-01
3.5324779218E+00	4.8146028E-01
3.5325352661E+00	4.2990525E-01
3.5325913160E+00	3.9335932E-01
3.5326486453E+00	4.0489469E-01
3.5327059926E+00	4.1806571E-01
3.5327620205E+00	4.1934854E-01
3.5328193273E+00	3.7376981E-01
3.5328753405E+00	3.7879567E-01
3.5329326579E+00	3.7842272E-01
3.5329899421E+00	3.4792404E-01
3.5333296609E+00	3.7131848E-01
3.5333868801E+00	3.4256871E-01
3.5334428329E+00	3.5739823E-01
3.5335000754E+00	3.8839391E-01
3.5335560010E+00	3.7555634E-01
3.5336132031E+00	3.6800189E-01
3.5336691141E+00	3.1138100E-01
3.5337263267E+00	2.3883422E-01
3.5337835064E+00	2.5769775E-01
3.5338393955E+00	3.0362349E-01
3.5338965603E+00	2.9857785E-01
3.5339524348E+00	2.7634132E-01
3.5340096102E+00	2.7172653E-01
3.5340667399E+00	3.0963866E-01
3.5341226052E+00	3.2126084E-01
3.5341797201E+00	3.3402081E-01
3.5342355963E+00	3.4044086E-01
3.5342927090E+00	3.2321812E-01
3.5343485325E+00	3.2692976E-01
3.5344056304E+00	3.3163984E-01
3.5344627080E+00	3.2061607E-01
3.5345185478E+00	3.0075345E-01
3.5345756106E+00	3.0389520E-01
3.5346314105E+00	2.7346634E-01
3.5346884585E+00	2.6604719E-01
3.5347442440E+00	2.5077263E-01
3.5348013152E+00	2.5324196E-01
3.5348583408E+00	2.2599489E-01
3.5349141044E+00	1.6229147E-01
3.5349711153E+00	1.7283959E-01
3.5350268898E+00	1.9654260E-01
3.5350838985E+00	1.7724329E-01
3.5351396205E+00	1.5333822E-01
3.5351966144E+00	1.8143543E-01
3.5352535882E+00	1.8790631E-01
3.5353093264E+00	2.0641526E-01
3.5353662854E+00	2.2601710E-01
3.5354219838E+00	2.3154776E-01
3.5354789281E+00	2.6349089E-01
3.5355358775E+00	2.4000645E-01
3.5355915795E+00	2.4365606E-01
3.5356485015E+00	3.0498313E-01
3.5357041638E+00	3.3106932E-01
3.5357610710E+00	3.3817202E-01
3.5358167441E+00	3.1362619E-01
3.5358736366E+00	3.0634371E-01
3.5359305343E+00	2.9767336E-01
3.5359861478E+00	3.0994398E-01
3.5360430308E+00	3.2959687E-01
3.5360986677E+00	3.4351165E-01
3.5361555233E+00	3.4026265E-01
3.5362111206E+00	3.1006561E-01
3.5362679615E+00	3.1950579E-01
3.5363248328E+00	3.3855007E-01
3.5363804085E+00	3.4618397E-01
3.5364372272E+00	3.6291657E-01
3.5364927884E+00	3.7540465E-01
3.5365495925E+00	3.7051290E-01
3.5366051646E+00	3.1743921E-01
3.5366619539E+00	3.8643246E-01
3.5367187484E+00	4.4003749E-01
3.5367742611E+00	4.4128791E-01
3.5368310409E+00	3.6832804E-01
3.5368865770E+00	3.2270342E-01
3.5369433296E+00	3.3238086E-01
3.5369988261E+00	3.5918497E-01
3.5370555640E+00	3.3246364E-01
3.5371123323E+00	3.2218571E-01
3.5371677946E+00	2.8854444E-01
3.5372245231E+00	2.1798042E-01
3.5372799711E+00	2.1405618E-01
3.5373366848E+00	2.1505190E-01
3.5373934164E+00	1.8934483E-01
3.5374488429E+00	1.9252274E-01
3.5375055346E+00	1.8692674E-01
3.5375609467E+00	2.2008784E-01
3.5376176490E+00	2.2893215E-01
3.5376730595E+00	2.7949056E-01
3.5377297093E+00	3.0711006E-01
3.5377863644E+00	2.9507433E-01
3.5378417407E+00	3.1337208E-01
3.5378984064E+00	2.9123112E-01
3.5379537684E+00	2.8063488E-01
3.5380103943E+00	2.9452729E-01
3.5380657421E+00	3.4578030E-01
3.5381223533E+00	3.4324011E-01
3.5381789823E+00	3.2986899E-01
3.5382343086E+00	3.4803835E-01
3.5382908979E+00	3.6267908E-01
3.5383462100E+00	3.2717087E-01
3.5384028098E+00	3.4008144E-01
3.5384593772E+00	3.7321763E-01
3.5385146678E+00	3.7486166E-01
3.5385712205E+00	3.9861163E-01
3.5386264969E+00	3.9951219E-01
3.5386830602E+00	3.9107254E-01
3.5387383223E+00	3.3982494E-01
3.5387948460E+00	2.9245607E-01
3.5388513497E+00	2.9597243E-01
3.5389066281E+00	3.3430430E-01
3.5389631299E+00	3.4253200E-01
3.5390183564E+00	3.0493130E-01
3.5390748436E+00	3.0939647E-01
3.5391300559E+00	3.1848190E-01
3.5394662990E+00	3.3377822E-01
3.5395227154E+00	3.4979693E-01
3.5395778833E+00	3.9351654E-01
3.5396342853E+00	3.6583456E-01
3.5396894641E+00	3.3378108E-01
3.5397458641E+00	3.3689237E-01
3.5398009912E+00	3.7780396E-01
3.5398573767E+00	3.8959234E-01
3.5399137424E+00	4.2413680E-01
3.5399688857E+00	4.1694197E-01
3.5400252370E+00	3.7302372E-01
3.5400803411E+00	3.8499238E-01
3.5401366778E+00	4.0524554E-01
3.5401917929E+00	3.7418520E-01
3.5402481277E+00	3.4067768E-01
3.5403044427E+00	3.0976111E-01
3.5403595114E+00	2.9551260E-01
3.5404158120E+00	3.4073949E-01
3.5404708916E+00	3.8341267E-01
3.5405271777E+00	3.8253964E-01
3.5405822182E+00	3.6625517E-01
3.5406384899E+00	3.7363449E-01
3.5406947668E+00	3.6057648E-01
3.5407498110E+00	3.3612260E-01
3.5408060610E+00	3.4486336E-01
3.5408610662E+00	3.6221088E-01
3.5409173018E+00	3.5944614E-01
3.5409723178E+00	3.5365219E-01
3.5410285515E+00	3.3240756E-01
3.5410847654E+00	3.3556298E-01
3.5411397353E+00	3.5426761E-01
3.5411959348E+00	3.1048789E-01
3.5412509155E+00	2.7387551E-01
3.5413071007E+00	2.9621910E-01
3.5413620424E+00	2.8238270E-01
3.5414182131E+00	2.7237842E-01
3.5414743891E+00	2.8189073E-01
3.5415293347E+00	2.6893186E-01
3.5415854838E+00	2.6503305E-01
3.5416403903E+00	2.8200635E-01
3.5416965251E+00	2.5185693E-01
3.5417526900E+00	2.7957978E-01
3.5418075629E+00	3.3465109E-01
3.5418636885E+00	3.3687375E-01
3.5419185474E+00	2.8119235E-01
3.5419746587E+00	2.7808280E-01
3.5420295410E+00	3.3603619E-01
3.5420856255E+00	3.5024045E-01
3.5421417152E+00	3.3921518E-01
3.5421965390E+00	3.1176865E-01
3.5422526393E+00	2.5864769E-01
3.5423074616E+00	2.4817854E-01
3.5423635102E+00	2.5828772E-01
3.5424183185E+00	2.2129095E-01
3.5424743528E+00	2.5756946E-01
3.5425304172E+00	3.0955977E-01
3.5425851919E+00	3.2546916E-01
3.5426412172E+00	3.7022779E-01
3.5426959780E+00	3.6858390E-01
3.5427519889E+00	3.7515248E-01
3.5428080175E+00	3.6426594E-01
3.5428627573E+00	3.8085476E-01
3.5429187467E+00	3.6974069E-01
3.5429734725E+00	3.5845977E-01
3.5430294725E+00	3.6558375E-01
3.5430841844E+00	3.7551417E-01
3.5431401453E+00	4.0460022E-01
3.5431960990E+00	4.6391055E-01
3.5432507898E+00	4.7634266E-01
3.5433067541E+00	4.3183035E-01
3.5433614311E+00	4.7355272E-01
3.5434173563E+00	5.1530166E-01
3.5434720193E+00	4.7588751E-01
3.5435279551E+00	4.2040645E-01
3.5435838588E+00	3.9168549E-01
3.5436385009E+00	3.7844767E-01
3.5436943904E+00	3.7845759E-01
3.5437490186E+00	3.6472105E-01
3.5438049187E+00	3.2787932E-01
3.5438607744E+00	3.1220584E-01
3.5439153940E+00	3.2006863E-01
3.5439712355E+00	3.3865647E-01
3.5440025709E+00	3.2528924E-01
3.5440578783E+00	3.2712187E-01
3.5441131786E+00	3.1499979E-01
3.5441684718E+00	2.8576127E-01
3.5442237580E+00	2.8834089E-01
3.5442790372E+00	2.8651577E-01
3.5443343093E+00	2.6708028E-01
3.5443895744E+00	2.5880927E-01
3.5444448325E+00	2.8540178E-01
3.5445000836E+00	3.1648718E-01
3.5445553276E+00	2.6533229E-01
3.5446105646E+00	2.7339079E-01
3.5446657945E+00	2.7160905E-01
3.5447210175E+00	2.5091750E-01
3.5447762334E+00	2.4754531E-01
3.5448314423E+00	2.6366980E-01
3.5448866442E+00	3.2281597E-01
3.5449418391E+00	2.9224053E-01
3.5449970269E+00	3.2762605E-01
3.5450522078E+00	3.5810108E-01
3.5451073816E+00	3.1383731E-01
3.5451625484E+00	2.2546088E-01
3.5452177082E+00	2.6362245E-01
3.5452728610E+00	2.9277557E-01
3.5453280069E+00	3.0513999E-01
3.5453831457E+00	3.7099683E-01
3.5454382775E+00	3.0409792E-01
3.5454934023E+00	3.0791967E-01
3.5455485201E+00	3.4769962E-01
3.5456036309E+00	3.1334455E-01
3.5456587347E+00	3.6994817E-01
3.5457138316E+00	3.1520100E-01
3.5457689214E+00	2.8751100E-01
3.5458240043E+00	3.5491548E-01
3.5458790802E+00	2.7999116E-01
3.5459341491E+00	4.5374905E-01
3.5459892110E+00	4.0662341E-01
3.5460442659E+00	3.2753681E-01
3.5460993139E+00	2.7373832E-01
3.5461543548E+00	3.2098145E-01
3.5462093888E+00	1.7790863E-01
3.5462644159E+00	1.3112748E-01
3.5463194359E+00	1.2336848E-01
3.5463744490E+00	1.6015175E-01
3.5464294551E+00	1.8297919E-01
3.5464844543E+00	1.4797799E-01
3.5465394465E+00	1.6001854E-01
3.5465944317E+00	1.7474097E-01
3.5466494100E+00	2.1072611E-01
3.5467043813E+00	1.8725537E-01
3.5467593456E+00	1.4873642E-01
3.5468143030E+00	1.8358400E-01
3.5468692534E+00	2.1206753E-01
3.5469241969E+00	1.5084817E-01
3.5469791335E+00	1.4494149E-01
3.5470340631E+00	1.1491886E-01
3.5470889857E+00	1.2597782E-01
3.5471439014E+00	1.4063742E-01
3.5471988102E+00	1.5605166E-01
3.5472537120E+00	1.0910624E-01
3.5473086068E+00	1.0002533E-01
3.5473634948E+00	1.0868486E-01
3.5474183758E+00	1.2797303E-01
3.5474732498E+00	8.7966562E-02
3.5475281170E+00	9.0749410E-02
3.5475829772E+00	1.2525304E-01
3.5476378305E+00	1.8123620E-02
3.5476926768E+00	4.3888851E-02
3.5477475162E+00	1.0535938E-01
3.5478023487E+00	9.7470649E-02
3.5478571743E+00	9.5190816E-02
3.5479119929E+00	1.0364730E-01
3.5479668047E+00	1.1188368E-01
3.5480216095E+00	9.3610200E-02
3.5480764074E+00	1.2816491E-01
3.5481311984E+00	1.4477661E-01
3.5481859825E+00	1.1835889E-01
3.5482407596E+00	1.0235210E-01
3.5482955299E+00	1.0889898E-01
3.5483502933E+00	1.0813721E-01
3.5484050497E+00	1.2305757E-01
3.5484597993E+00	1.4483050E-01
3.5485145419E+00	1.2661484E-01
3.5485692776E+00	1.3826991E-01
3.5486240065E+00	9.5668842E-02
3.5486787285E+00	1.3100141E-01
3.5487334435E+00	1.1282668E-01
3.5487881517E+00	5.7962890E-02
3.5488428530E+00	8.5449543E-02
3.5488975473E+00	1.2163832E-01
3.5489522348E+00	1.3093547E-01
3.5490069154E+00	9.6821699E-02
3.5490615892E+00	7.6178509E-02
3.5491162560E+00	5.4962093E-02
3.5491709160E+00	1.9683751E-02
3.5492255691E+00	5.4375157E-02
3.5492802153E+00	7.8899598E-02
3.5493348546E+00	3.2476350E-02
3.5493894871E+00	2.1394507E-02
3.5494441127E+00	5.8498707E-02
3.5494987314E+00	7.2278297E-02
3.5495533433E+00	1.3453398E-01
3.5496079482E+00	1.0941097E-01
3.5496625464E+00	8.5295391E-02
3.5497171376E+00	1.2355848E-01
3.5497717220E+00	1.1743677E-01
3.5498262996E+00	5.8262075E-02
3.5498808702E+00	7.5806564E-02
3.5499354341E+00	1.0985722E-01
3.5499899910E+00	1.1541494E-01
3.5500445412E+00	1.1522899E-01
3.5500990844E+00	8.2254342E-02
3.5501536208E+00	6.0623798E-02
3.5502081504E+00	6.6861387E-02
3.5502626731E+00	7.9511318E-02
3.5503171890E+00	9.1295783E-02
3.5503716981E+00	7.1126955E-02
3.5504262002E+00	7.7247646E-02
3.5504806956E+00	1.1155783E-01
3.5505351841E+00	8.8033119E-02
3.5505896658E+00	8.8504071E-02
3.5506441407E+00	1.6251002E-01
3.5506986087E+00	1.3822925E-01
3.5507530699E+00	8.5923714E-02
3.5508075242E+00	1.2929232E-01
3.5508619718E+00	1.5795581E-01
3.5509164125E+00	1.3775609E-01
3.5509708464E+00	1.5913291E-01
3.5510252734E+00	1.7255279E-01
3.5510796937E+00	1.5263832E-01
3.5511341071E+00	1.8659060E-01
3.5511885137E+00	1.9379058E-01
3.5512429135E+00	1.9503187E-01
3.5512973065E+00	2.2754381E-01
3.5513516926E+00	2.4817464E-01
3.5514060720E+00	2.1285845E-01
3.5514604445E+00	1.5213686E-01
3.5515148103E+00	2.1437212E-01
3.5515691692E+00	2.4406919E-01
3.5516235214E+00	2.4655665E-01
3.5516778667E+00	2.6461927E-01
3.5517322052E+00	2.4270033E-01
3.5517865370E+00	1.8873275E-01
3.5518408619E+00	1.9666629E-01
3.5518951800E+00	2.0262077E-01
3.5519494914E+00	2.3224877E-01
3.5520037960E+00	2.4271747E-01
3.5520580937E+00	2.4287417E-01
3.5521123847E+00	2.3751564E-01
3.5521666689E+00	2.4342013E-01
3.5522209463E+00	2.0638069E-01
3.5522752170E+00	1.9678335E-01
3.5523294808E+00	2.0001418E-01
3.5523837379E+00	1.6411599E-01
3.5524379882E+00	1.6275869E-01
3.5524922317E+00	1.6653014E-01
3.5525464684E+00	1.6314897E-01
3.5526006984E+00	1.4113529E-01
3.5526549216E+00	1.5612283E-01
3.5527091380E+00	2.0939431E-01
3.5527633477E+00	2.0498106E-01
3.5528175506E+00	1.6671522E-01
3.5528717467E+00	2.0028104E-01
3.5529259361E+00	2.3171814E-01
3.5529801187E+00	2.7352766E-01
3.5530342946E+00	2.3009693E-01
3.5530884637E+00	2.1028008E-01
3.5531426260E+00	2.9400561E-01
3.5531967816E+00	2.4312093E-01
3.5532509304E+00	2.5544855E-01
3.5533050725E+00	3.1015608E-01
3.5533592078E+00	2.8438272E-01
3.5534133364E+00	3.3143376E-01
3.5534674583E+00	2.4879937E-01
3.5535215733E+00	1.5495901E-01
3.5535756817E+00	2.0392288E-01
3.5536297833E+00	2.1503101E-01
3.5536838782E+00	1.8005427E-01
3.5537379663E+00	1.9222446E-01
3.5537920477E+00	1.8536790E-01
3.5538461224E+00	1.4070817E-01
3.5539001903E+00	1.3944279E-01
3.5539542515E+00	1.2978743E-01
3.5540083060E+00	1.6355545E-01
3.5540623538E+00	1.4324878E-01
3.5541163948E+00	1.0929447E-01
3.5541704291E+00	1.2465437E-01
3.5542244567E+00	1.5533648E-01
3.5542784775E+00	1.2013611E-01
3.5543324917E+00	1.3986589E-01
3.5543864991E+00	1.9697909E-01
3.5544404998E+00	2.0751315E-01
3.5544944938E+00	1.9161375E-01
3.5545484811E+00	1.6466484E-01
3.5546024617E+00	2.4993668E-01
3.5546564355E+00	2.2931916E-01
3.5547104027E+00	1.5915022E-01
3.5547643631E+00	1.2441925E-01
3.5548183169E+00	1.4808474E-01
3.5548722639E+00	1.6743047E-01
3.5549262043E+00	1.9366813E-01
3.5549801379E+00	1.6450483E-01
3.5550340649E+00	1.1417178E-01
3.5550879851E+00	1.4003874E-01
3.5551418987E+00	1.6484571E-01
3.5551958055E+00	1.5112744E-01
3.5552497057E+00	1.1529667E-01
3.5553035992E+00	1.1827038E-01
3.5553574860E+00	1.7943479E-01
3.5554113661E+00	1.8809437E-01
3.5554652396E+00	1.1965800E-01
3.5555191063E+00	9.3207913E-02
3.5555729664E+00	1.4078154E-01
3.5556268198E+00	1.3379942E-01
3.5556806665E+00	8.5603212E-02
3.5557345065E+00	1.5300408E-01
3.5557883399E+00	1.3371569E-01
3.5558421666E+00	1.3665743E-01
3.5558959866E+00	1.0749054E-01
3.5559498000E+00	9.5533066E-02
3.5560036067E+00	1.1328331E-01
3.5560574067E+00	7.9895577E-02
3.5561112000E+00	7.1920355E-02
3.5561649867E+00	9.6945892E-02
3.5562187668E+00	1.1905036E-01
3.5562725401E+00	1.1654574E-01
3.5563263069E+00	1.0690875E-01
3.5563800669E+00	8.5755918E-02
3.5564338203E+00	6.1163486E-02
3.5564875671E+00	9.5822184E-02
3.5565413072E+00	1.0313617E-01
3.5565950406E+00	1.7099243E-01
3.5566487675E+00	1.3815833E-01
3.5567024876E+00	1.1809585E-01
3.5567562011E+00	1.5108718E-01
3.5568099080E+00	1.5345458E-01
3.5568636083E+00	1.3455948E-01
3.5569173018E+00	1.6387552E-01
3.5569709888E+00	1.6324034E-01
3.5570246691E+00	1.3587871E-01
3.5570783428E+00	1.8764735E-01
3.5571320099E+00	1.5537220E-01
3.5571856703E+00	1.7968034E-01
3.5572393241E+00	1.6792210E-01
3.5572929713E+00	1.4342580E-01
3.5573466118E+00	1.4210104E-01
3.5574002457E+00	1.6685710E-01
3.5574538730E+00	1.5618768E-01
3.5575074937E+00	1.3806716E-01
3.5575611078E+00	1.3189127E-01
3.5576147152E+00	1.8246497E-01
3.5576683160E+00	1.5452303E-01
3.5577219102E+00	1.2183855E-01
3.5577754978E+00	9.0997864E-02
3.5578290788E+00	1.5521169E-01
3.5578826532E+00	1.7429843E-01
3.5579362209E+00	1.4805510E-01
3.5579897821E+00	1.9698358E-01
3.5580433366E+00	1.6575126E-01
3.5580968846E+00	1.7592614E-01
3.5581504259E+00	1.5813808E-01
3.5582039607E+00	6.2677101E-02
3.5582574888E+00	8.5854731E-02
3.5583110104E+00	1.2950292E-01
3.5583645253E+00	6.9992875E-02
3.5584180337E+00	6.1958983E-02
3.5584715355E+00	1.3459693E-01
3.5585250307E+00	1.1703171E-01
3.5585785193E+00	7.9280189E-02
3.5586320013E+00	1.1472538E-01
3.5586854767E+00	1.4987315E-01
3.5587389455E+00	1.6350050E-01
3.5587924078E+00	1.4812630E-01
3.5588458635E+00	1.4337193E-01
3.5588993125E+00	8.2699300E-02
3.5589527551E+00	1.3236614E-01
3.5590061910E+00	1.5781195E-01
3.5590596204E+00	1.2608001E-01
3.5591130432E+00	1.4432864E-01
3.5591664594E+00	1.1387288E-01
3.5592198691E+00	8.5557387E-02
3.5592732721E+00	1.6121930E-01
3.5593266687E+00	1.4389555E-01
3.5593800586E+00	1.6620174E-01
3.5594334420E+00	1.4936697E-01
3.5594868189E+00	1.1928454E-01
3.5595401891E+00	7.0971783E-02
3.5595935529E+00	5.4644536E-02
3.5596469100E+00	9.8095870E-02
3.5597002606E+00	1.5051111E-01
3.5597536047E+00	1.1485955E-01
3.5598069422E+00	1.0623261E-01
3.5598602731E+00	9.5062859E-02
3.5599135975E+00	1.1091430E-01
3.5599669154E+00	1.3354554E-01
3.5600202267E+00	1.6535824E-01
3.5600735315E+00	1.1356940E-01
3.5601268297E+00	1.0334052E-01
3.5601801214E+00	1.0356284E-01
3.5602334066E+00	4.7673585E-02
3.5602866852E+00	1.2526945E-02
3.5603399572E+00	2.5586084E-02
3.5603932228E+00	3.4599993E-02
3.5604464818E+00	-3.0181278E-02
3.5604997343E+00	-1.3359817E-03
3.5605529802E+00	3.0981493E-02
3.5606062197E+00	-7.1135968E-03
3.5606594526E+00	-9.9057911E-03
3.5607126789E+00	2.5570544E-02
3.5607658988E+00	2.8566217E-02
3.5608191121E+00	1.4657385E-02
3.5608723189E+00	2.6884014E-03
3.5609255192E+00	-3.7539466E-02
3.5609787130E+00	9.9291588E-03
3.5610319003E+00	1.4521139E-01
3.5610850810E+00	1.4286243E-01
3.5611382553E+00	2.0196682E-01
3.5611914230E+00	1.0687704E-01
3.5612445842E+00	6.1344940E-02
3.5612977389E+00	6.7575373E-02
3.5613508871E+00	5.3597414E-02
3.5614040288E+00	4.8542382E-02
3.5614571640E+00	6.1105024E-02
3.5615102927E+00	9.6705028E-02
3.5615634149E+00	9.0389132E-02
3.5616165307E+00	4.9811884E-02
3.5616696399E+00	5.8768155E-02
3.5617227426E+00	8.0100383E-02
3.5617758388E+00	3.0882602E-02
3.5618289286E+00	5.3314242E-02
3.5618820118E+00	7.8959084E-02
3.5619350886E+00	7.9776659E-02
3.5619881588E+00	7.2595749E-02
3.5620412226E+00	9.9323651E-02
3.5620548297E+00	1.0000000E-04
3.5621738634E+00	1.0000000E-05
3.5622928645E+00	1.0000000E-06
3.5624118329E+00	0.0000000E+00
3.5625307689E+00	0.0000000E+00
